Trait,Marker_ID,Estimate,SD,Model_Frequency
y,1,-0.03568269410862488,0.14243265982783077,0.6359999999999998
y,2,-0.5093531791053235,0.18676613049087498,0.9889999999999981
y,3,1.4200414906653243,0.17309034265230858,1.0
y,4,0.4685377762798514,0.19207201830782195,0.9660000000000004
y,5,-1.3592707368733257,0.20179979483538832,1.0
y,6,-1.0964129509275191,0.1758305281925899,1.0
y,7,-0.511450619946484,0.19380816095799833,0.9870000000000003
y,8,1.2301211711118125,0.18267014212399976,1.0
y,9,-0.5758317559438373,0.17502826926122275,0.9980000000000002
y,10,-0.5672225574033201,0.1739390997162207,0.9939999999999998
