0.7377192910441032
0.4139758177316981
0.8779130633595139
0.6896563885700943
0.43640113258116087
1.1059657710494166
0.7858950160025816
1.1075039315592785
0.570977881026577
0.5323090869581156
0.7169474698539036
0.7990274516238898
0.522828556011374
0.9250808412556909
0.7762175205892595
0.4822416513664036
0.9558100946367505
0.39853094708882386
1.4225267667963053
1.9410973395007016
0.5110920954827083
0.7876520095988805
1.2095243504885582
1.3036771388686033
0.6714147549271519
0.9046038894051014
0.8359203971325109
0.6152733075630326
0.9405691727649733
0.6995539609102417
0.7753130483751315
0.47205205746496903
0.5172121396707193
1.033417087279146
0.8549990371381435
1.1318363766903463
0.691477825434987
1.1446117558245255
0.438639812168179
0.5073233064756768
0.4969373170623718
0.8000899902455049
0.48841470063726034
0.8398903819900421
0.4554928905021922
0.3783850838228914
0.9014153125894606
0.749985789129448
0.6820182537364732
1.721052005704779
0.3037175743385475
0.47276583670198846
0.7491741160916896
1.0777057510193129
1.6029831651146111
0.482000630711933
0.8078270770593219
1.1730691424450947
0.7228127687589171
0.5863263660735915
0.7420076920028549
0.7933279733898503
1.2013788713364881
0.9467397267470292
0.6879863254249725
0.638966690628325
0.7152426062471144
1.0121202844602168
0.9407907795717748
1.6669917331019686
0.607076719256182
1.4160515657174777
0.6140623791766789
0.7828875099440671
0.8289667844171026
1.663073013637953
0.8147913478905628
1.0864608903965842
1.316093453701346
1.1498083832252435
0.9945698491844456
0.40107171562428806
0.6549077006482983
1.173668329688698
0.660601539746306
1.5940871180535192
0.636444026579728
0.38018254222945413
0.6370317656405817
0.8125356337331179
1.2155540540190661
0.8703376540806883
0.43101247994546565
1.2452393894983795
0.35342287824221724
1.2534932609362486
1.0718184518040343
1.0904941300158473
0.4527837531165097
1.2635529979289026
0.3586197472079424
0.7258411488548627
0.5355835894473271
0.7857521190115717
1.1629770824843901
1.4910050826863628
0.6866135465658367
0.37308488301312476
0.49520415271600554
0.7662693020154739
1.473294754052277
1.4411338208192892
0.6045994822085271
0.9898304045418452
0.913656218594704
0.3783890492083783
0.8517485347492242
0.6020930264765947
0.8994914962430997
1.48563974502956
0.9101847318610417
0.8565953032089739
1.9751260652769844
0.6496061624119914
1.1244488835825732
0.41140242095392265
1.311506480416026
0.7969247266809062
0.5192635306782356
0.7344786593077638
1.8842653672060878
0.7555906374024823
0.7014475807907555
0.6871856473274273
0.5724573426447416
0.38886691821806274
0.5374727777740168
1.1269852733963928
0.7723460558280973
1.001290410133508
0.49429370268767714
0.3016856414673635
0.8276101031701392
1.1883225077865602
0.6984697747196508
0.49270682634616
0.6560721600210041
1.3611078075771266
1.4873431735633273
1.5591613317285997
0.6975104109200486
1.7751373967006474
0.9259018972000167
1.1009450072001918
2.478875748107886
1.081695319802373
1.32813041045473
0.6489053125476082
0.6123499632929207
0.7517968686366802
0.42206008231436093
0.40004102146812165
0.6683877258594714
0.8841549579314545
0.49431647720653527
0.6729144449353269
0.4921195376048984
0.6204688880910126
0.982010852629573
2.667386131108561
1.1138336205688664
1.0577147485875882
0.3756984409120822
0.7768272540854784
0.5179707268006825
1.2144804958014652
1.741120386254868
0.8196308120038297
0.4259121086720031
0.9162995546309244
0.5544595083709077
0.5623743572263019
0.619800628355152
0.6110246755608972
0.7471880735234803
1.1236853184322244
0.6860790086332663
0.7192989311996989
2.311085356073081
0.728362455899764
1.3969495157431775
0.5221523250286015
1.1459017557878355
1.7824341254103797
0.33608670807057967
0.8160829012624876
1.326340916683183
1.51070637507132
1.3389643861674196
0.8526994410550868
0.6473187354783402
0.7131912984425685
0.6149008001360238
0.5166283784813223
0.6266052482649548
0.42174615859930037
0.7111727829032999
0.5043151351048473
1.0204335156084456
0.5638240946190295
0.6963610141903877
1.0108768282503635
0.9599728838132184
0.5375159439935202
1.0208268091076045
0.6950218670125898
0.4305623358128114
0.7066054836996254
0.36471096561959365
0.5407385926056266
1.261919533311113
1.6664398044080726
0.8251795000224603
1.1264468637359906
0.791208864919391
0.7308710130518613
0.6103541671706412
0.5535262163931172
0.5250445241781858
1.068020854472181
0.8201227143283488
1.069136319346935
0.9815681511674668
0.7547780897518557
0.8100662774464951
0.8965979631039702
0.7882722507793634
0.8809171176430945
0.44392982912906165
1.7589050462482538
0.7146840682892603
0.6555262171749477
1.3071721831693255
0.6884472339895717
1.164691087680507
1.0014742579282274
1.4380330344607772
0.6155078154248619
1.2779127514595874
1.0741212515521725
0.7491900475544407
0.4228333027191094
0.5373461892594673
0.45902509962923527
0.45573228829676654
0.8348399510843333
0.8907184861085388
0.3705675850082153
0.49185576664845576
0.5368708975731801
1.3555911789602453
0.8167339402156146
1.3762696254636693
2.6093911994418333
0.9965427762409816
0.5386755853909819
0.9247607617736727
0.4990447247922103
0.25241933812159806
0.4875365016023558
0.9777813387040785
0.5605064729906921
0.6298497933256846
0.7367205926389432
1.1048488393979101
0.5192390707310235
0.41660201074441616
0.8740082412784551
0.8949411994178581
0.8711775139670515
1.1749161456544333
0.673380179875668
0.8211759307717691
0.9088903533420218
0.462351805420264
0.7087204818307337
1.0428971285594135
0.5549128036221712
0.40103829887179554
0.46395763860378514
1.944220992644181
1.319597140304547
1.3956989170063432
0.8698351184679826
1.4120530335995551
0.7005004058089921
0.5090534777047866
0.6542433174080036
0.33955793674267337
1.1152286680515808
0.7226390710624702
1.0547719766622627
0.7917642625748493
1.744956739265997
1.5279797987632218
0.8170298599867698
0.6105572465135096
1.0084451587428003
1.9425531971792271
1.404759491845086
1.0596717604787644
0.7270401108855482
0.43535999446415646
0.8901592154750083
0.7279379071172575
0.9079382210773521
1.100750219023962
0.8427991188328986
0.5917671368191962
0.5430732766467137
0.9927113106631336
0.37234190056443955
0.8664504168043468
0.8471200444128544
0.6345857105231438
0.72686061464715
0.45825123844833554
0.6572916258018813
0.519742641374073
1.4122608597261472
0.931319414982453
1.1811311219207328
0.6386853360632821
1.1515336464403696
0.8146889419511705
0.8430573200987077
0.46022177927913877
0.6396633774525476
0.6521623483698791
0.8535066828261126
1.0981782855654545
1.1773103920504269
0.6747692433340108
0.8017133932884483
0.5097242647631329
0.9536039650093414
2.4101462040663675
0.5207009805189531
0.848065946982078
0.9332466956101604
0.7222945182840812
0.6919447826901582
1.0723093015928196
0.7622667879496857
0.5135894759935563
0.5344850622568988
0.5101434851107358
0.5366010778160606
0.5322543584793781
0.5531533392255819
1.1515263202782393
0.8871699244907566
0.8768080780561152
2.141088688782744
0.5664451209467803
0.7468072837225366
1.2540123075620027
0.7061172475903722
0.5739684965094803
0.998519320552384
1.0329502737564331
0.8645590062719404
0.7794387693156435
1.498241209945584
0.6348527580336284
1.2195079162319227
0.5738079475504557
0.7864438436991527
1.0242746085333978
1.3204271323694565
0.7491058855062437
1.0074166714028214
0.6305645270103514
0.7177149618203272
0.8585626681992629
0.788321044473701
0.9700746422011579
0.594346048811999
0.7517985022066075
0.8667302194008338
1.0948451169081699
0.7100304421161057
0.7726194845342625
1.2172854412255316
0.9155529236958488
1.6665503570262978
0.6308188773047914
0.8238406345426788
1.5780073484262231
0.30052332550160654
1.0252887891790001
0.33071015244869467
0.5025032332680356
1.358160782840016
0.5196863508549426
1.6076941010260257
0.7206550309633922
0.9314505917175607
0.6380430468546918
1.2237929228970217
0.4162830702279781
0.9242699829234876
0.3696937320505459
0.7278590603561604
1.0003909693221682
0.6859627671594547
0.47435585568472655
0.8928222185453574
0.729724457821088
1.1289598148118318
0.49554459785957017
0.7318091244898378
1.4686322506691922
1.215957815183058
1.4807049880274372
1.4859500411222015
0.4372007172721329
0.7834338813295378
0.6971560377014062
3.0049896657201023
0.6723533041656753
0.5848574052222114
0.7182504498022645
1.2245433929106122
1.515716828710152
0.5733869725839121
0.6823087295865367
0.7952894451726872
1.0033478972980903
0.6980553271665341
1.254289475502225
0.9088411310119662
0.49404154458312816
0.47080764451549334
1.2796925083833721
0.44531589387061615
0.7166137411902215
0.8421140777180453
0.7881454542137376
0.6418287383744388
0.5760621068248476
0.48535684447806154
2.1273095749043933
0.6703677320273173
0.7642520738558404
1.3570414928104988
0.5142771459521558
1.0164361784506513
1.6395801987515914
0.6720504296213
0.8949492153865426
0.3664211310318419
0.722857987019131
0.8894681166568594
0.559112734464591
1.606503786308405
0.5572907709121135
0.5852502567838233
1.0905120577279042
0.7066200009524287
0.6490431039189801
0.5472493071305956
1.149560273052035
0.9519894959580374
0.5750402597287443
0.5337633226016477
2.027802321682191
0.9859163855256895
0.41584740787174007
0.6838027527962426
0.7096144388231489
0.8175264861041751
0.738721760673269
0.8742791218354502
0.591872533066649
0.7704370636633715
0.7807452805707227
1.0362001920749337
0.9379353776549098
0.4631606793161786
0.5414552907377463
1.469878031962015
0.6483649371872521
0.7678378614496805
0.33784634189213025
0.6724102230151014
1.515673242782951
0.5229021428036058
0.873486900090105
0.7507437757076822
0.8833546734592458
1.3804058173916356
0.5952675839751912
1.2188866758162449
1.0073425626461183
0.7342000780283279
0.924582363116137
0.44131613045718726
0.34903305522193984
0.8758655154462333
0.6476543464547018
0.3904096476733623
0.688791109251432
0.9351184160629108
0.4167910439889364
2.2258511280713638
0.7883289504439039
1.0231732305522239
1.2207689449832153
0.8511628249544689
0.4712501741182015
0.44672803700497815
0.44246034686401425
0.9491270563644648
1.588405228974397
0.5292726947106285
1.0871972183250924
0.8746518512889955
0.750415758694136
0.3062223962320828
0.6698447876615619
0.5821928128369609
0.9125413943416661
1.367235329056067
0.38891306630221467
0.6479261342565029
0.5853844404442968
0.8308588621113372
0.5981179170378907
1.0176147186099331
1.0437555145811181
0.35349902003033357
0.7336119921030881
0.6451545719188083
0.5399707278385381
0.788014706707805
0.8886938454372182
1.1584161277960847
1.0085723164257017
0.7372198301824772
1.311564317061677
2.0244457076233666
0.9600866589146358
0.8168342396877748
0.8871747329673038
1.3167522364294453
0.5589448697520508
1.1391738708465897
0.6587099342487422
0.9944009756425689
0.8519002798028672
0.8529330586102515
1.1333612026229385
0.7818705242226344
0.6951270033457454
0.925215902562452
0.5404868381572591
0.7396721806781301
0.5183094476958405
0.5719343374905677
1.1550725030436875
0.5259224261081442
0.8959098670055817
1.170678362832403
0.7092376629688782
0.507599614695917
0.8948359720773889
0.9103381865091299
0.6276775841509216
2.3925836310143858
1.0294389513300235
1.1616248326865284
0.7934623074493766
1.1253118428250783
0.4780629879195009
0.3471262473724922
0.7511190461707647
1.5615355808412348
2.1432667230809566
1.0776699422322276
1.6431870002945317
0.5494055517697303
0.6778653808322003
1.1355161859906755
0.5195658565406851
0.8772769159805665
0.8470298112171776
0.7005100881659538
1.4247318139183651
0.5133184353816992
0.9189156338221782
1.8180676124774473
0.5600253736285421
1.3160341239073405
0.6921704180909138
0.776979337104958
0.49794485010548195
0.659987546239827
1.6482994828208137
1.8557608555145884
0.6140066926709917
0.38315622468405625
1.5510134803444098
0.8523115914170307
0.6697932922096987
0.5099086579802757
1.095438930983858
1.0022009339335014
1.1462166603189172
0.71113201513858
0.5023567770186141
1.202941860184482
1.7838088190996875
1.4066165472098946
0.6417974975817007
1.114782208142435
0.5446279937972922
0.7400771198270044
0.914429795601595
1.4088198605596434
0.8976872714283024
0.6230036720787328
0.602116522230065
0.5716665050126901
1.0861979800506512
0.41338979525325026
0.6429679595564088
2.1691693060578374
0.6422368714659601
0.5241577076610625
0.6680665441441528
0.9842309613499395
2.4431695871224943
3.1976977030639975
0.9585959020440129
0.596521819508611
1.0444959145355157
0.5865216007635875
0.5580962048362402
0.5433721756711029
1.661802195783343
0.691597435858764
0.8280613372690084
1.0737977505888778
1.0094281242635672
0.8493276421204282
1.5826140750710647
0.8571743491424545
0.3684493821468462
1.2561719916914433
0.42133533760822844
0.5963190485131871
0.7997355036104179
0.7967926773232707
2.345816272599056
1.1927623988155656
0.8409272246741608
1.392068867671593
0.9041788282254168
0.8370213208422763
0.5498410333795907
1.6321177003625176
1.1962307539712902
0.4944083528679006
1.1811876236275178
1.3982889047116678
0.588045770447942
0.7945607903427757
1.1459032395488602
0.4550437863938614
0.8525503766041058
0.647547571677689
1.0104058461117207
0.6885681196999587
1.2092020877892409
0.5859095378843929
0.658210281985317
0.8900407362047991
1.4537743983377511
0.6125069328181265
0.8133811436337592
0.7727607204153462
0.9191192697794809
1.3789017054120563
1.4800991885172479
0.4994174443108847
1.7803698465564104
1.549278344000671
0.7438779909749453
1.0535350658779543
1.041734856704782
0.658234775087116
0.7652523475570483
1.6684176102495814
1.315054732653635
0.6780206798429986
0.39053451611720247
0.9976558095895506
0.6046461245896204
0.6658577875691051
1.292909196359498
0.7120107714477995
0.576905163784545
1.7813330741256028
0.6639653900532608
0.9164669688500868
1.058206477128206
1.5791767311701257
0.4543841479155188
0.5833712494831133
1.837406079094548
0.46961690315513865
0.5910684301419915
0.8269298819071728
1.0563548682572963
0.6171484276833349
0.6895222563420816
1.2364746889435485
0.43946118854759586
1.2151499269260606
1.0465493781903492
0.673472740674849
0.8110288769841022
0.3937611629068838
0.5323880610978364
0.8209496964995234
0.7311924864909719
0.9447109194703974
0.9485074054675862
0.6165667413040644
0.8201457082172388
0.5305326918943446
0.7657415885725763
0.7879754452948624
1.091897354061933
0.9555351639267382
1.131411956583017
0.3154727306368397
0.9446022512725092
0.8606702084442869
0.5298468497685872
0.7499419655523158
1.476487466457122
0.7266576481080586
0.9736393736772103
0.9434771207593279
0.5731200975454416
0.7196750728444096
0.8233896045455574
0.8854549747387009
0.632340203762545
0.9430674427080586
1.0152846002590186
1.1298143537991154
1.1287125191646912
1.3198597744896037
0.8408360753495557
0.6086487503321685
0.41320697552417357
0.8147575201533338
0.7890718333870532
0.7680285847029482
1.3176106935993661
1.324814279086388
0.4877175664034691
0.9435359566546819
0.6199807504770634
1.2282239835701776
0.5574278617166821
0.8647422214453176
0.7424296527406624
0.7926627545773819
0.6912191542077007
0.7739258635338995
0.6740212590898695
2.247002817709198
0.5760859989743431
0.8261038942336572
1.0325029165625854
0.6667786208066383
0.6543591942823395
0.5179756201564317
0.5642947487790725
0.8251151689760392
0.9797335749480016
1.1891534179659908
0.9824402977392596
0.782299821640626
0.6692814975675538
1.7323482894245592
1.2164350901640881
0.6343140764367781
0.745091381772597
1.4134720281968163
0.46456056139369734
0.6252868170919881
1.154202078625186
0.7083384058717201
1.3453923902134242
0.8832697156073032
0.4815243048182677
1.219711203053336
0.7110077892381267
0.4945968082613552
1.1985705035276275
0.4820029455721712
0.9467545730302498
1.0724263729599215
1.2268672988120317
0.9716809542025584
1.017886766555745
0.9863217731750286
0.6913622691477137
1.4944109772164103
1.4608210984729646
0.8768820086515854
0.873961021064452
1.5793006386452313
0.5352858960956102
0.7264506259186811
0.9659915655776136
0.5826373926448088
0.35668335590874506
0.932699846542188
0.7938532560188067
0.41958161254738885
0.9090316363291455
0.3964980340420393
0.8297435407813728
0.6427307528454098
0.6894578633346998
0.5151560059857628
0.8274427189482475
0.5857260816959071
1.2001947084239675
0.8635808920859904
0.5118253129759512
0.7967726914238891
1.0788342373154798
0.7071577391982062
1.0780008831423782
1.6544094445355284
0.5418116157496746
0.7297585629819795
0.8211134640145445
1.2558706503860806
0.824703856342113
0.5652021776602454
0.6068125754700568
0.9083955615587843
1.0849817614467872
0.7154611579699738
1.74055265809308
1.2892676511236163
1.1880167025096193
0.924580598170614
0.46290731204271696
1.010357594699853
1.03067320205112
0.8562548574628108
0.825988150903807
0.9765202916999409
0.6430275424378176
0.48834247131502456
2.1384028714550496
0.6275972030300896
0.45960915349617076
1.0230933438453327
0.7856103872865563
0.7169129233086304
1.4164001286371095
0.2971406360280797
0.3999805053310302
1.1838350718236919
0.46957154353052927
1.764515467331723
2.0905006472062317
1.0706758262561766
0.56511809827921
0.7963860696319485
1.5431536779015294
0.6649290854418304
0.8880651581705347
0.5940925495624043
0.7166620388085819
0.8100615185676098
1.0209057550273246
1.2746611654855717
0.8629989115267309
0.4914899310265294
1.5705297098527744
0.7655077239044248
0.3909375203578444
1.257804485299726
0.639655760076121
0.678216236638513
1.0295791778152477
0.6191764763797555
1.0625739848296725
0.859272636774848
0.6947038405302183
0.8114943744039598
0.6463275649031753
0.5841143238206998
1.1211261065250941
0.666346623953532
1.1130438869881303
0.4654669097812446
0.5590991386186567
0.4137838087180172
1.0135931849142477
0.4363295502763292
0.5633126162596025
1.1947221321992987
0.918749202082671
1.196455760129324
0.7538127338632845
1.696414131408565
0.5981932560787864
1.0372830509768212
0.6864031378999025
0.676237717083292
1.1187734860829293
1.1612479731507201
0.6383377243906954
1.0316831714805805
0.6495077646821988
1.3231873956779312
1.6898071737857385
0.5885303116243323
0.9771015083666758
0.48856486306304225
2.0244896759507163
0.5197161160199816
1.645957234348855
0.9117460108781871
0.537825976237496
0.6228866152599419
2.5661510424421405
0.5616712917101193
0.5024995188344741
1.2440888192084654
1.974927939010754
0.7264029823662316
1.2582675781434904
0.7833014157931687
1.2637506855099305
3.9724583024778277
0.38879231743262926
0.9153852525564191
0.6533664107155609
0.7876221137513915
0.6552582231383632
0.49287093503972296
0.9375312150453412
1.0194086198805719
0.7300464151346902
1.3659098282643831
0.9090947374801872
1.47281978508227
0.6756784149727305
0.6020214708413026
0.6143852687111948
1.0626245310677422
0.522641962782675
0.8110679428112774
0.8329502397460172
0.7067543272749669
0.4825508280368167
0.815620137938775
2.4045675925530845
0.9877647843180366
0.8500988638516428
0.8804727986261821
0.4043884317825939
0.5704878502948113
0.45806883991539726
0.5725349900528176
0.6603161406551976
1.230712863356568
0.627545735138551
0.7476947078477152
1.5607959358500376
1.2325597960816908
0.4621025244730276
0.46503561727284626
0.8620138888461758
1.1418403947799938
0.7983642309851634
1.706305480518803
