y
0.585205811497217
0.7173931069590039
0.7008611208295034
0.6851888815333498
0.6046933633993812
0.605354188605999
0.6111260045832189
0.7028122198834
0.6735463686926647
0.6938110083604364
0.6446090292796199
0.6622426369608369
0.556349488279926
0.6834824554981147
0.646663293102098
0.6232240778684791
0.6746066658071787
0.564681453517715
0.6228454726679189
0.6590156691176914
0.6214503779954326
0.6306199338914377
0.7065466139068121
0.6472597963852647
0.6326244970827541
0.5779634299344609
0.7154200761141266
0.6433006885665714
0.6349821600059169
0.6181499851008923
0.6927612597488657
0.5888975759788622
0.6372259272727897
0.7319341386186181
0.588498536089275
0.6459093174265973
0.6044561777096615
0.6088326445530291
0.6011314264040556
0.6121927638066725
0.6933604540727994
0.6216599587017047
0.6350965299089715
0.5875571319210913
0.6770619626026412
0.6306657254924811
0.665617569188059
0.6371584517377493
0.623830934876973
0.6984000729177203
0.5368213106555216
0.6119788042642689
0.6654348844271832
0.5624983376349958
0.6150406535089096
0.6424636443295045
0.7004649780578893
0.6160139217817143
0.669787528031477
0.6245425856472082
0.6413207414358405
0.6690488379714444
0.7164643955449096
0.46642431228801395
0.5931784417273624
0.6519388529614171
0.7088559797567386
0.6425930429912726
0.7351971563959891
0.5630061396515358
0.5207043291144364
0.5870319066337467
0.7288683394111958
0.6467843159524977
0.6579682177249027
0.6692788769630595
0.6878674003841845
0.6289882611983998
0.6676431808472519
0.6631549147522271
0.657439525088639
0.6376633753606007
0.6617851484076878
0.6481627782653205
0.6968653104708817
0.658865277869147
0.6804973885421358
0.6490166462934841
0.6922016927063324
0.6445537497722752
0.6451594467997235
0.6760969630088096
0.6587413487178714
0.6771748106258643
0.6290118128713249
0.6141111763316957
0.7453861916252613
0.7475856286440969
0.6146226052346869
0.6813977853470647
0.66219954138578
0.6485351527633813
0.6437885250873424
0.7314486172417924
0.6922352295259038
0.7029871518357932
0.6542065065899403
0.6779270912533063
0.684570071905558
0.676974444124694
0.6549326572448098
0.6176250396474264
0.679908353220812
0.7001673872855994
0.738048634410708
0.5925391773692633
0.6735661501708126
0.7100607259502507
0.72666690759943
0.6349685709810051
0.6884751110411437
0.7194101113391735
0.6535655207683695
0.69761823651855
0.609639710899065
0.5847227580772584
0.6502043557921743
0.6657886309990521
0.5471494196802059
0.7163323079432555
0.5758425529025111
0.6541389523595629
0.763309519840026
0.6544788479224097
0.6185320831425103
0.5995323219722364
0.599863521767031
0.6036492190367494
0.649036730435223
0.7438598929822255
0.613146408324071
0.6642472821778095
0.46671942578404474
0.6582432710299997
0.7175519929090638
0.6798746437917462
0.654778096270634
0.6072416076149614
0.7276088037430929
0.7296473339845992
0.6720432529596744
0.7382142258110181
0.6936902156652934
0.7383759114154101
0.6887730910543627
0.5953658417938361
0.6736641098382836
0.5398592105828952
0.6920237618707453
0.6814888892059696
0.6022604699574637
0.6843618069636084
0.6214614061725732
0.678689269281448
0.701823427863446
0.5195740133234611
0.7064796828699957
0.6748254989022059
0.6488110584927398
0.6470513877980757
0.6552345628615491
0.7091967838714092
0.6100030654960974
0.6301097383071013
0.6858866875792945
0.7108551017541672
0.6688466684365045
0.5821765778199202
0.6020086229165837
0.6480140870814063
0.6737218955204681
0.6506321709831917
0.6907368519322382
0.7466528975229609
0.7245831386576752
0.6577642137777906
0.6052547150559002
0.6545406848503277
0.6742994721527239
0.6707283628789068
0.5643448762903394
0.5671276550787195
0.6124541896451269
0.6642077387662124
0.6633545664586863
0.7360335555115916
0.695087677990309
0.659758448727235
0.6549882575373119
0.710042753836746
0.6913432631762126
0.6550827682908189
0.6979323546883699
0.6755053220039786
0.7392525977959206
0.6458983725447744
0.6283045082391606
0.6345268258918445
0.7254666318459247
0.6686762283265724
0.6794359646852276
0.6344070854501893
0.5236853726241627
0.556835612736784
0.7153069034914767
0.6426909310957993
0.6280337261575542
0.6343148186178491
0.6379509635071923
0.6048474113623522
0.7516798172646433
0.7397803219999409
0.6467729598164893
0.514780623325509
0.644420784219976
0.6347475413825933
0.5756321575033041
0.5183320909265136
0.6036261806650897
0.72768545868229
0.5983392501461623
0.6840080016396451
0.6116629253317667
0.6444756565027765
0.6060616827168207
0.7107862935030747
0.6745522524920012
0.5906853363432171
0.6109432283144909
0.6841698137433826
0.7039685744032955
0.6980425597444918
0.6332497682302977
0.6258159582163046
0.7045587711032872
0.6844172316918935
0.6928811857594155
0.6027174754809312
0.6257951580055557
0.6697779564202274
0.6195037854182436
0.7012932529510058
0.6256795378878398
0.6870792146893852
0.6469106761342505
0.6542252068547247
0.7340149521888765
0.6858272766810929
0.6478381204956821
0.6622297544896915
0.5669499826216309
0.6417741905515719
0.6534381349587987
0.6455091660098443
0.6424936110816165
0.6237990876662891
0.6120648853590593
0.513585688939927
0.5882932387410654
0.7318860946992605
0.6383402860522818
0.6851973442680244
0.6221962886340016
0.5309772929567768
0.6288783039273098
0.6326324601808945
0.5975535599741825
0.583217869778142
0.6611186739711364
0.6423711518890508
0.5975042115853972
0.6873660120794074
0.6555301790283493
0.6419342820851905
0.7208778369835082
0.6256711805806948
0.6501465614759276
0.6817699222692923
0.676660547636266
0.6956244330214854
0.6610100803385996
0.7072899400459993
0.7282472702121257
0.691089428906232
0.6492265495049101
0.6223993094566873
0.5667493413397462
0.7158272438855587
0.640321212999229
0.6785064100605043
0.6925725334013967
0.6935702267429827
0.673969582746806
0.7310853654957953
0.5932754598207873
0.6771520399171018
0.6906732180814902
0.5375245204622563
0.672525369829737
0.6178890010186127
0.6151132782769574
0.6944914968257894
0.6759934924639128
0.6270974279798507
0.6763515833109315
0.6113301792387094
0.6873814450641036
0.6497480073359345
0.6622122504375159
0.6315486716120132
0.6918256422479211
0.552882547135544
0.5984341910268821
0.6420082268416475
0.7080800150230485
0.7138385748727195
0.6087264496673817
0.6561916509508169
0.634739923539708
0.7022998691880835
0.7051269717670254
0.6271573559808973
0.6507711143314014
0.7306093227082683
0.5974228435337047
0.6514245907453523
0.6554991346099489
0.671716548215242
0.6857562658754381
0.6404988487625929
0.6899684354498793
0.6998096660518868
0.6124528652225952
0.5449335190959861
0.6349849145373825
0.6855276442882237
0.7532452047463821
0.6734282592702436
0.6021407483371543
0.6338463335974224
0.7381832620577876
0.606693809082623
0.7185648140657754
0.5807678265958175
0.5389965950279697
0.6013218123962226
0.6682617298373915
0.7002671402374202
0.616087141138789
0.6455636990325313
0.6733470937039553
0.6097936604445988
0.7089178021053736
0.6682814061618484
0.656994738589077
0.6018770874109326
0.6227901005629193
0.6634615072459586
0.5589956201775667
0.6316859258600216
0.5992262890025495
0.6593893346431182
0.6513129627668782
0.6448711535211622
0.6569657632766714
0.5958630471116853
0.5817478184592085
0.6412035529314369
0.6305054619370589
0.5230686281843238
0.5276222253893438
0.6502720999363666
0.7569385139331558
0.5398823521063053
0.5957617690390613
0.6761255269135514
0.6738069823950322
0.543578770776488
0.6585027292759761
0.7190142032693135
0.6852998248202098
0.5962973546450885
0.7215617857129663
0.697983708941613
0.721181030383313
0.7581767092316372
0.6499115934046863
0.6733731042253037
0.6671461108016561
0.6389389628563613
0.6917504395001867
0.66411388860019
0.650401112835812
0.6260175492864773
0.6287221675985056
0.64718098272953
0.6410233179756673
0.6714282719871763
0.6212371305204388
0.5903829092428882
0.6399853672929507
0.7242730922470825
0.7519368787723625
0.7039131880519987
0.6028269139936541
0.6769744484046064
0.6164430574262498
0.6561242380432252
0.7390683834432746
0.688876364284023
0.6790003491240407
0.6735569738539033
0.5358042478010618
0.5606892168960232
0.7080308601037686
0.6621790371754853
0.6135172361477723
0.6835247858931384
0.6840292996993647
0.6841263166487953
0.7262923098995179
0.5455903909583986
0.6419010979888875
0.7238866937735621
0.6896945297252777
0.5944772626224011
0.6564835046563295
0.6640448721954902
0.6228754626236286
0.6545191101830191
0.5970826972470658
0.6525830792115307
0.6807736776040666
0.6161076889754189
0.6811300189644918
0.5779240251520115
0.6536967926799121
0.6776751853776682
0.6422927416746703
0.6505405904651256
0.6546195618034325
0.7153243964704985
0.6196826193481986
0.6023674878928179
0.7601533325007419
0.748900363110204
0.6226730660369496
0.7127262362377713
0.710969053714014
0.6525267772479565
0.6485868217542986
0.48201877703790597
0.5997428772121072
0.5885862446511188
0.6659686654880578
0.6918154270400715
0.5746254308676941
0.5638602743949909
0.7079817526815169
0.6194263145809399
0.7146013273667962
0.6400393602243553
0.6335898197516542
0.6185655458246
0.6544159682372019
0.6606045627663177
0.635678400450604
0.699691986644935
0.7021728566058301
0.7077552156034643
0.6527062494272825
0.634384025121509
0.6857671823119154
0.7186132907120056
0.6571292650368283
0.6115054033498197
0.7293737241047219
0.6375558508467941
0.6866931128398917
0.6510081378031638
0.610518369629182
0.6437058683494196
0.6420087933996002
0.6105391777936389
0.6181704946068086
0.6265991906296329
0.6942456480696522
0.6390566393705779
0.7109717155364536
0.6776437249375409
0.6456821232341592
0.6420201694779052
0.6292072904667232
0.658976808979176
0.7045112790883389
0.6582020564315963
0.667684653616314
0.6267032410120784
0.6088644877959747
0.7273564728724775
0.6344414923581074
0.7061089410925695
0.6622715413239165
0.6241994996673594
0.6328922587518407
0.7125519610098543
0.7005851538647707
0.6190330621112918
0.5763103404091595
0.5770933859923143
0.6638087882814233
0.5580090358301483
0.7139117351820088
0.6501103031485977
0.5789616984348805
0.6124269723000755
0.6937386910600234
0.606655711217328
0.6740361595799187
0.6446283638820539
0.6518221602041862
0.7113193932495657
0.5781736817068743
0.7191605458289223
0.5510302819686586
0.5551278211202992
0.7250715519998525
0.6920876889029733
0.6895495278197433
0.6545891736649698
0.6176161429957582
0.6127452429697235
0.7080070150251981
0.6555472042176972
0.6082225787095322
0.6667537871739941
0.4943600421415856
0.6451119286547988
0.6552412707179635
0.6459147323123808
0.6823511136144186
0.6170580028960322
0.6536986039251782
0.7279910356334127
0.6466683111603291
0.548444375389687
0.5070500948449657
0.6535609146843546
0.7066571684151239
0.6337663170226026
0.7147880308856456
0.7054661435155988
0.6649166849795821
0.6796363567842024
0.6341043323018603
0.6730525282083083
0.6840626618396485
0.5368522787750095
0.6139470586229155
0.7150938489845231
0.5237934205381788
0.7113343045910765
0.6466737759716618
0.664080712145502
0.7280675071514036
0.6071129467189428
0.588670284471277
0.691426070990264
0.6146443649350146
0.7256099048287898
0.6866398496949444
0.6991753327920764
0.6818689962731568
0.715180432631677
0.5716776318417088
0.7284577351718092
0.689362464824111
0.6489006042409254
0.7479250657725813
0.6702968821824759
0.7285521787212991
0.6242963531769864
0.7027927691124167
0.6302037269695593
0.7405426414940306
0.7147981051997097
0.7142165730877387
0.7386036464847495
0.6469126019061998
0.5944079434156513
0.6250774439212264
0.6564975473956468
0.6779043669297208
0.7309016430603535
0.6904867057260894
0.716198286732048
0.6585361238968922
0.6315452396352422
0.6553670224936998
0.6447999462307569
0.6349829349664985
0.683677233223617
0.6713390457788899
0.6701129513213554
0.7178537689004002
0.6831465251552634
0.5194089569222545
0.5831318935317941
0.7167013740466098
0.6730271378766577
0.6039484607726414
0.5602943038176253
0.7312178234953316
0.7032412627346302
0.5750354611356484
0.6592602549821008
0.6584899019424303
0.6785340854191662
0.6536617290782057
0.695309362251612
0.7096840422659645
0.7274524000558823
0.6826706086242493
0.5653607964246755
0.6481526747280505
0.6534938843001827
0.597973234294836
0.7491406618206307
0.6344462613343063
0.6800804999282978
0.5888833909535081
0.6855861210788182
0.5448622884366905
0.7278499108278532
0.7196820342313633
0.6384856277816786
0.6583000957484929
0.6964539809740281
0.59021300739628
0.602482162109429
0.6035011866931578
0.6617741958084593
0.6030627489040802
0.6452163238147199
0.5564166883459329
0.6267477524747044
0.6709848586171452
0.6911963810467976
0.5760528681139482
0.7013758492946239
0.6016547071470605
0.6724348234446864
0.5979762994842495
0.5727227747589215
0.7078300249867133
0.6883067847905395
0.7654283108117063
0.6308678456913797
0.6008540636155586
0.6584032887082677
0.44030594596679545
0.6907903281948122
0.6165458618857063
0.6924952437036562
0.6860081062474295
0.7238246814444539
0.6437009428558782
0.6567220340426634
0.691156895954404
0.7194533188603723
0.7301667810542617
0.6500545267762622
0.5683927638091405
0.6529536304474306
0.6536231295675591
0.6504644189311555
0.6624512601705813
0.6373759646721451
0.623955226587515
0.647352113969773
0.7405951595823078
0.7264644674215911
0.6201246938875213
0.681905980203467
0.7112164229118012
0.6487816102253927
0.6334517796383378
0.736046450333171
0.667483128246243
0.7082511001379405
0.7255075087312467
0.5698143541657836
0.5214977319759272
0.6738529463139211
0.6787158956704864
0.5905524033343463
0.6989934321602028
0.6386973419334795
0.5679318376471301
0.6094947274685222
0.6642671932863564
0.7317766192967794
0.6774591559844383
0.6860323458190957
0.5896842650607061
0.6948053967152309
0.7200821210985004
0.6836630799397934
0.6757156705624512
0.6341960475143988
0.6935324759439022
0.6693819000798782
0.6818925845971853
0.7410291085551683
0.5942729657709757
0.6936395190290074
0.7477627328653331
0.6761736242839919
0.7099036002596366
0.6836784380647704
0.6403118029999234
0.6356141850570152
0.7002863557364548
0.6255106523673902
0.656355099763682
0.7136203833481325
0.682713054794132
0.7424143276917374
0.6409199277108661
0.670850963473407
0.6984235458662319
0.6018229773361824
0.6634618003265612
0.6490387675155284
0.6876584420157149
0.6590510701320523
0.6464027555222763
0.616808498827805
0.593194924679087
0.5842891655162648
0.6310484688653525
0.6485947989946201
0.6748674460468456
0.7340681146002563
0.6907824160026907
0.6949617929594945
0.725864860728069
0.6304984896145899
0.517784183116359
0.6712921754621624
0.6987289603543582
0.5889479888796679
0.7137706112850303
0.6993610756474031
0.7360639659236258
0.6849531013278853
0.6285511295739219
0.6119000194234309
0.6044115754048471
0.6148298926390042
0.6746528967716993
0.6726732170552108
0.6719343025595552
0.6502523337334746
0.6547182221420214
0.6550119923594792
0.6424096243838797
0.6822044986293705
0.6468524410910573
0.6584908388267843
0.66358049992284
0.7200797588955941
0.6698639984636435
0.699521213730245
0.7055778224824326
0.6353866334015613
0.6344494659539055
0.6617430485692846
0.6969708847024622
0.6515584481385571
0.6951417690111424
0.7013844321886017
0.6474667002284591
0.6611414143753783
0.6578730253377458
0.6409620113547464
0.7436504377556125
0.6369995483871623
0.6335819908953026
0.6673339490716949
0.6496954140367519
0.5455470332957718
0.6757236671115215
0.6016424445173151
0.6497097384766859
0.5646199546740084
0.775795495156023
0.6717535700631819
0.7049854785803237
0.6974816880837172
0.6367924516745671
0.6029219239919167
0.673743965422017
0.6491009536452905
0.6919643396366516
0.6220712893188359
0.6426729294741325
0.6085204283032396
0.6676016950988609
0.6706104988308452
0.6137176542901241
0.726872074203751
0.6692160121146378
0.7122985801587054
0.6721872858360312
0.6976519889126042
0.5939042240353957
0.6331635139608973
0.6729118708381474
0.6523961122453928
0.6027584066673357
0.6145808404628823
0.6693473142350931
0.6195807149255012
0.5563048839959291
0.689705655147553
0.6879933114576711
0.6500746847990924
0.666619086731515
0.6603037919625521
0.5539189798284316
0.6278171055351508
0.6781202945426253
0.6458913425752076
0.6710648442552052
0.6785926016924131
0.5565817977364284
0.6420302537355286
0.6703933948871676
0.696443284046984
0.6474442105344889
0.6989562110544975
0.6290951477988549
0.6214072379340402
0.6932508157522235
0.599801970049523
0.5961464499903598
0.6334257270869195
0.6573667923546476
0.5185255242546026
0.6387256772256258
0.6738980851159803
0.7142763202624246
0.7518064863837173
0.6928258555978621
0.6517458985335545
0.6857002143000553
0.5995560489409163
0.7224922329169259
0.6294111400982001
0.7081685355570329
0.6245308067731568
0.7040883383429786
0.6735142366124296
0.6576933560392255
0.5653336364000204
0.6320515904678013
0.6073284049251153
0.7262412239909543
0.6882435408512348
0.6684651622753234
0.6798112504029498
0.6128949798817335
0.684474855823831
0.7190897245455707
0.6431816714582469
0.6487880078410428
0.719508907082603
0.6988662686201278
0.644815700159237
0.6365033049292332
0.5512840114633327
0.636858416610349
0.7419167290181655
0.5783018010834056
0.7492825371184143
0.6227044907654327
0.6440288278925931
0.6547783803025163
0.6667849764858845
0.7074032273905891
0.7030360686607489
0.6022280141881035
0.717299764964305
0.684444965138709
0.6093814825028995
0.6064466014873107
0.6986423597595439
0.7349240639609579
0.622923154532247
0.6721350981302567
0.671171139206738
0.5981950663477379
0.7084704604976153
0.631593370288171
0.7214171120062884
0.6375999092910611
0.6316856531760875
0.7390962474041354
0.6944012720961931
0.5891539641791752
0.6578164628445559
0.5976503043245829
0.6614322334174643
0.7191767169687102
0.6720845499516794
0.6502009540665098
0.7155504765228285
0.6258816952733548
0.6496937348577214
0.6859974714608228
0.6405242369042451
0.64512726520275
0.5877121048558378
0.695515641011686
0.6772122898801056
0.7309891711756731
0.6589726808234838
0.6897280347653466
0.6591545432143219
0.5865500919019466
0.6219567119663312
0.66079042004068
0.6348420212516883
0.7100520899879863
0.5863165998915252
0.6978858681889728
0.6575307932193577
0.663991812454204
0.6923375287316555
0.5225307876472132
0.5340955847443084
0.6938429872364941
0.5635836457574217
0.6711796762698112
0.6990256830955165
0.7056845278610632
0.6683696921373234
0.5981135795278182
0.5322373068273241
0.543874757672951
0.5948800822856002
0.6452677709116669
0.6556162464209662
0.7583930336535134
0.6762701706071954
0.6894909094875101
0.6275216137797355
0.6850696728601331
0.6366816641117835
0.6864232765522842
0.6812112403053632
0.6721795333587388
0.6592466582866859
0.6305993491407302
0.6058813310886851
0.6741262825170916
0.6804152546687073
0.6681923613637759
0.6707320924394504
0.6910901553034281
0.6621540338338642
0.62231672075494
0.6151021469226072
0.6120842179295575
0.7039797015724045
0.6979372325671104
0.6099317475813989
0.604197892105108
0.7397830133191435
0.5905816153760279
0.5887816940062985
0.7188330287663022
0.6809984799067301
0.6674120176659569
0.6874351770553326
0.6369401814243301
0.5244163799239014
0.7161882670288132
0.6906025499205188
