y_y
2.4911606735647296
1.746442099175739
1.719315599175413
1.8713088724880498
2.527397686779762
2.5296059449361663
2.1081492221753777
1.603265859165491
1.8411880051515732
1.7843032195040467
2.233260420332506
2.048428762029674
2.246944007084242
1.985417038339584
1.885229716067887
2.0687128582831216
1.7860755768305476
2.7120590427941274
2.1828461274246993
1.9799443135490238
1.9703841489293255
2.1962314382445
1.8475478608259999
1.99381297167287
2.189620377791667
2.892441576402343
1.5284203829884688
1.7965271011442168
2.390455784432713
2.225578096197923
1.7586994196123238
2.786943972022974
1.816249252211133
1.6708239393447935
2.151890214320942
2.1859325252444126
2.829514864557853
1.919375040667743
1.9261907257925746
2.2510745519914317
1.744513451721502
2.1984570969227826
2.0140833819405275
1.8360746973041289
1.8635177725808336
1.8978261761695092
1.7600943319752465
2.0938730863889234
2.211225752217016
1.6924575604698715
2.3189439945018506
1.9904996819604832
2.265241163907937
2.893347415399327
1.9356253082503374
2.166139007779693
1.8572229947181862
2.095892991567756
1.8128679870196496
2.112967929753785
1.970207172892547
1.6902430432943694
1.798832522754269
2.8176467559116003
2.988908898037892
1.6993614806397892
1.5359648163933797
2.0908753971114886
1.605321472224043
2.3411744700703174
2.5236336882152743
2.446306788746554
1.773653584164375
1.8096988465964199
2.1463457433541713
1.8026699206014443
1.9414954983042803
2.2442263880654867
1.8491546427289351
2.182592324341845
2.434707767723092
2.4370840633683675
1.8629424559392629
1.866237182966183
1.965764175563344
2.2272716167593685
1.6596449212405433
1.880343015253413
1.9163401915250369
1.9877957921215923
2.18262697827498
1.540201325649422
1.8265934067438756
2.1319302242140474
1.676191002261334
2.220255391543607
1.4299434704503127
1.5977534033464136
2.1262965480329754
1.9822152168235345
1.7742947104663909
1.7283118926195618
2.052729022913262
1.4497932296961378
1.898248323219245
1.7551207962243296
2.1407593278025394
1.8204623418508827
1.566842106769323
1.871669842784559
2.029908772596814
2.351311461595467
1.8579134505245576
1.7831468011912668
1.5882067965861721
2.288399846998166
1.8904289142447088
1.7154281251414636
1.545316303556958
2.0617548813392648
1.80000711124412
1.527213334958578
2.1598611720183127
1.7735244563478323
1.8313005951816865
2.26057423664272
1.7057833601349068
1.7680833161111578
2.8735243843356364
1.7616557190072897
2.344846589490924
2.108884047338403
1.478710255837832
1.8169853775315954
2.6983434720318518
2.0064728853413034
1.980205380351018
2.5711672734825477
1.8705353811844465
1.605898064407357
2.1623385417755183
1.7811084546801583
2.4646910227602916
1.995249968585736
1.7594533383583746
1.8300373282784197
2.2393748978350985
2.247486912082553
1.6616517818008854
1.6988436333477444
1.8031406743704201
1.6714576601224038
1.7966773013691595
1.884624824112354
1.681536169766563
2.8268386825973173
1.883277797347348
2.152305701395911
1.8940984409695705
1.5184728055684793
1.9536382072342597
1.6940477251929709
1.9799560316734388
1.9633422150199353
1.7284202557565271
2.847566649716607
1.5542506709242814
1.8878281125674303
2.0165058653227916
2.5281170592706426
2.1733392317007043
1.7728454048747881
2.0412546223778274
2.196008405770197
1.5450332522887975
1.8398329347208902
1.8537001029967781
2.0213739867732605
2.2598668181677137
2.4004441939314587
1.745149196777675
2.102740188116502
1.827505139325579
1.5848140686106456
1.7712541823868388
2.038403657860709
2.050025032570132
2.0453782339108586
1.7608332018205626
2.175951798580735
2.9125404092191913
2.6985894355632487
2.4812076615558487
2.246307476212566
1.9076187430021903
1.7332746117528566
1.8623704100407932
1.8358807620815336
2.060460731655994
1.8716195945800171
1.6952877602885508
1.923933235445735
1.6900746903261634
2.0411902616411726
1.5683548616973635
1.932054039765558
1.9150118227076878
2.2776644223149747
1.4213228122917088
1.8507831471518599
1.866624442962197
2.161431774760532
2.539282785681861
2.463788343399953
1.6771665516752112
2.1696583800023435
2.1386051673368267
2.080728359622817
2.104998914999524
2.0681779570731127
1.7120102716661203
1.5584207512997559
1.9268124666454394
2.471161162893457
2.3185558286197927
2.2725111532507323
1.9249690582408672
3.206008967017323
2.182972036107731
1.6401596396288278
2.422038160436196
2.1715879013479804
2.118203476994129
2.416544112062471
2.1697305153611453
1.6218759415425967
1.8998126497162184
2.5913318940101213
1.956701891587089
2.0187167510319872
1.8671490649981268
1.9721739157096092
1.9688949890668426
1.8241612440949995
1.55986690503884
1.9549046697100894
1.9728088784098703
1.9979433683050163
2.222551736797437
1.8223641259537557
1.9404614109042957
1.6827066677540363
2.0648851346484007
1.5762422893126917
1.9545692290406236
2.1095799265016804
1.7750100710550476
1.6428415635412157
2.1736125698658464
1.7766789663831872
2.357557421866646
1.9841567368806032
1.9041085265909585
1.8934546382852064
1.903063214770078
1.803324688270619
2.2686919334758935
2.3213683027864853
1.9741373863951108
1.3839496245913605
1.9198875164317786
1.7553470190914469
1.9021032115609444
2.876371830315875
1.9406977343736045
2.0536508099357262
2.257663921469267
2.453096682859872
2.1729025605904653
2.1502670580629446
2.31345661119011
1.6962577264461465
1.7934507988008832
2.0253902326445203
1.4332321034199063
2.1566442219700317
1.6723968902947868
1.9494108100246206
2.0142418485389815
1.7164832300362785
2.0134302073804276
1.8007318662073093
1.5644122252697394
1.6349705624271604
2.1167014101568227
2.2964559630603207
2.4357982680491554
1.7542095615459878
2.085600129214894
2.0993218039302435
2.026951056007849
2.1286768144976587
1.941761155206636
1.565468394823092
2.3514184357354466
2.153336118635297
2.097376769967445
2.566466372607841
1.9568741623652384
2.3195770778992233
2.253198735221356
1.6134852843778735
1.9002895754850604
1.951534725107677
2.1535305687610977
2.196240363448175
1.9520933973638745
1.92284555282412
1.8501034707038448
1.8143255051749363
1.9755648452437369
2.1065751824070316
2.260515684941337
1.8193013453753817
1.6145985993930336
1.9522049273478583
2.126758201493727
1.6109845012802941
1.833053375948269
1.5132704772128966
1.7597377405861057
1.9001837338794365
1.8254998671385219
1.7037430400957339
2.1425233973812112
1.9224908279246489
1.84135184249553
1.8906697211353163
1.7769850505560318
1.8758203701950205
1.6847901227035114
1.7113804963710122
2.400210380284
2.4231614992577906
1.9942220177550556
2.087805774455252
1.7217849219597006
1.7991564384966592
2.5320999962421973
2.069162927548513
1.6767529913703274
2.0138588847020076
1.6555286675181524
2.5283686086841985
2.734290021604583
1.8538694555849062
1.8231561229936815
1.694036099379844
1.9186667477464154
1.7201610140377226
1.8608023769987885
2.671231943346724
1.7733870225811488
2.028012810279778
1.7150496304874334
2.921761480626497
2.306297308047422
1.9688476861440138
2.395926570233196
2.3419116146495473
2.141905833701445
1.9880657541699471
1.975102356131378
2.1498998941157095
1.9517821176968178
2.006681588325052
2.480564759354094
2.28401191109639
2.0029527632581523
2.300928612516575
2.289833718421401
1.8821981588686367
1.4242375325734653
2.3944368546282537
2.445606688753968
1.9350362844547242
1.9617040919275817
2.5643895386882294
2.0544783955727404
1.7201175647077283
1.846111818856349
2.3174017557143896
1.833233968112994
1.8177709693746404
1.7081125579400573
1.3279288387764898
1.8360731963083057
2.0600402541452425
1.8260617303693145
1.6654109569495295
1.994458697302613
1.8378879424873857
2.080895743072566
2.0286085167236503
2.189737710309548
1.7441053803226991
2.0204154619916093
1.6729930416562608
2.2561301864653913
1.941013288696856
1.8024375535562298
1.6594679840947373
1.2729419024061424
1.9241119051453783
2.183121919841232
2.0895363001028677
2.227251606413304
2.151009987493131
1.5435301283896101
1.9343899742603825
1.688721384163788
1.8132921252821277
2.524290955942055
2.267211661125063
1.8221384142223287
1.9844818241432414
2.5899159954454003
1.7344350489042981
1.5845810493448123
1.8508178459427644
1.4259663459757044
1.7928793347801688
1.9777577289295487
1.7328356854851874
1.9876685233907412
2.2408554001024306
2.108557511256642
2.514785718139902
2.4868798533795724
2.2558334266572135
2.520692849662002
1.8396669472405884
1.9333283874157714
1.9752246786314633
1.8346345052640236
2.1343450949939817
2.2339320220812477
2.1374089265751137
1.681539134092662
1.5280591734132378
1.6980212403224995
1.399022135724863
2.4601336729783396
2.087204571284455
1.4378258416201288
1.429607987399099
2.1043034605880293
1.673734868089476
1.4328293179616416
2.306170689918472
1.8334278158127972
2.1409247138993255
2.3512609571276464
2.986283707414692
1.9123910647699471
1.6743149306689427
2.3725563012814144
2.515826742556966
1.6829011373906229
2.2349690928907946
1.8742433097080062
1.9844940083101001
2.227869699711108
2.0471298238167495
2.0286643632302526
2.3747671197605498
1.8930223241333939
1.906619200214764
1.608603748058235
1.9777878573911498
2.026180589114943
2.384537782355071
1.7420069917008425
1.4662066604289576
2.6076690875843274
2.3326127800384198
2.0247175351711153
1.9032434095678834
1.6598787877033798
1.6439745784337234
2.302898938994865
1.9034027825349424
1.9202612503718985
1.9886754139586371
2.2347520894697324
2.3641857208908097
1.9189293831619603
1.9572333378345
1.5248055366591953
1.580614678832643
2.0346710685902902
1.8167052432715793
2.103716239590968
1.973916250359885
1.6341815165432196
1.701395028191437
1.6880064711906262
1.988332815934315
2.113569801330111
1.6825652404069227
1.995412699312932
1.5203974292379936
1.664045001980567
2.1260339544501763
2.2480286408353574
1.91425048971969
1.781027762887944
2.4102520794806304
2.39780058662644
2.0435563085449964
2.076346784742328
2.5035260941204744
1.7457428724664963
1.9648344509833682
2.4874681892578208
2.120477300336884
2.066234732257681
2.0164673961436317
2.0973232445473884
2.250251863729638
1.8156993859757928
1.7464502352151057
2.4537260475119793
1.7090188976594252
2.2345308442991754
2.9204016912231094
1.6464542417332186
1.7091287027402242
1.5662346860144118
2.263154302701327
2.1348859977031056
2.2826902497195776
1.679005694486637
2.0555362388577483
2.079091239656327
1.7886721872330187
2.4737200833059627
2.28935026705295
1.884158094206776
1.7057662502948576
2.207853078562284
2.2568037208814595
2.168972410464162
1.5601383697269466
1.8898090425385656
2.921472932375091
2.9608889305301016
2.2904415649882695
1.8488423153162963
2.0555231472279694
1.6672374578773275
1.6451612746645086
2.127029060655794
1.5762725418781527
1.9476838966875554
2.286236759091002
2.0323124649920556
2.3074086298055754
2.133759088405219
1.7204929772445399
2.04535967192353
1.4982019521640162
2.0757921224991325
1.9740659953287067
1.4146745534783447
1.9590882122799682
2.137420204925881
2.256153970445587
2.1279605942979236
1.8097356343634163
2.169463586406952
1.7303486531028087
1.9480252758162642
1.7478260676114388
2.5793497818991966
1.5823854466259017
1.7580323246357008
1.7189790665571696
1.5946130282776612
1.8824028938192
1.6686727987865106
2.1201189636067017
1.9658070970003623
2.0887566580506505
1.7623850573055606
1.462673426364275
1.7367696941060597
1.5486059154939327
2.097889453129208
2.167611802029721
1.8108061687196373
2.5250044580942546
2.1570783805608467
1.892365154755294
1.9206942780963876
1.478339204481495
1.8775307567521575
2.2125189874161384
2.1742436363806505
2.339773552954989
2.0969438664026185
1.7776551357954047
2.1011402034735744
1.8796880507304607
1.5772541709292835
1.6759126397257633
2.775102876885087
2.481557943027712
1.8908810324122058
1.9613223284980006
2.1842394750678698
2.3215343729749276
1.5730725237165437
1.9403366449396249
2.502587918450116
1.951259620147017
1.8409316475111785
2.052629086449959
1.8057133112067578
1.7028157387130392
1.5697572097306989
1.4424108131370152
1.9390667730888598
2.120056120135893
1.8622774125664268
2.592489321638247
2.1514029673620993
1.525307751798965
2.303835705204875
1.750004703422403
2.7523411760513623
1.7128186570508275
2.6500517717055994
1.4849838837458633
1.7129106807279852
2.0455142438301914
2.0510815672567193
1.9307622361275532
2.176760548722302
2.3669794617198514
2.637955274118621
1.9901048626442464
2.0939510587569212
2.1114870095185565
2.718719133283091
2.082803493530393
1.9979605553645983
1.7708963844635626
2.4196754445372552
1.8388749318225621
2.121429474824529
1.6770372477795379
1.797520469181621
2.577923409227801
2.075998981751507
2.0574038594091153
1.841437967369766
2.0411977677657447
2.358314915886056
2.0397972110779485
2.874344078732624
1.7536521655537
2.4908995369581275
1.8746294025192731
2.1460102501610128
1.7490038411159508
1.7755318816338925
2.362308992741585
1.7621072201426595
1.6836714328559987
1.782417964896256
2.0721113485481553
2.3935738448134236
2.1399481021770828
1.8206519071081486
1.7581782566041702
1.9744738023443893
1.814107861545201
2.4282082866915387
1.9323805476573739
1.5126647074828083
1.671574383735663
2.5086539656411433
1.8123178826511583
1.703813883285648
1.9750973574355783
2.206305244114298
1.7318875066454593
1.8395320512741258
1.9044992412173412
1.4654944230944482
1.9622083727517734
2.3023840757680576
1.7922683019386938
1.792286748656425
2.226729737340297
1.7329732859690308
1.9692343307265574
2.2450802346076033
1.901670627016158
2.3417196810073686
1.7674757967704782
1.8989664795795482
1.7580869327306974
2.020728252179781
2.1523991877134447
1.9771210443604788
1.9452584543316482
1.6454800354212027
2.0312038926456673
2.039766909901978
1.756145670548997
1.7770511120168595
1.7035521201998274
2.169937339891347
1.7926196036084179
1.5334108165630933
1.7251325163150315
1.7468762110053337
1.9824546653841715
1.8076961890789949
2.2624570895476834
1.6272982283669057
1.9293581888891655
1.869637974056217
1.6030428464415127
1.7945937454155705
1.6347864339870086
2.4089033093882453
1.9371507851996785
1.5945938360346579
2.258129859362934
1.7117171571799605
1.9386106955670954
1.6658795252876477
1.908271451279771
2.614663404405006
1.942867144528834
2.2876854738038084
2.3293621774942594
2.028510635420058
2.3798568047499877
1.9293824401505966
1.6918039982631707
1.748159410502876
1.920200927527175
1.4298258128690025
2.210522011995141
2.595747547500683
1.728706904952927
2.041757112029767
2.308758232867577
1.942438411322411
2.0599900410984757
1.3897623097927423
1.9762920609135615
2.269565100485869
2.0376861221642923
2.8046049352276103
2.167041905034595
1.7909163530297358
1.7003664006099801
2.169977770634836
2.4531849342330614
1.9669576594185187
1.9851445741618725
2.099599216489636
1.7192561271198934
2.1857837444567676
1.947103657926266
1.975740419469154
1.692526881215509
1.7809317982421446
1.7335765150963849
2.023668890909006
2.469920755839119
1.8571131934955127
1.9977589717105493
1.6624430948443862
1.861326807175426
2.1454988163145887
1.57715628343289
1.773256286493164
1.8577008232407988
1.826651416844962
2.1748899154909935
1.4813414428373903
1.982785550900393
1.8444638987428772
1.7320902180431852
2.162338893323164
2.5962635859383765
1.8438063438670365
2.609205708074937
2.03013619505438
2.2723713221014785
1.3200056348882268
1.993055401585719
1.61891193396344
1.8560744898940509
2.076941599056941
2.0102969569736935
1.7910156222108473
1.6435887954609678
1.8020951466459247
1.745358822637128
2.432763546728433
2.694427987553645
1.8121671736432794
1.6991668789741023
2.049246872753989
1.7082066435432064
1.940201512835557
2.017385936747622
2.0874516184434064
1.8461853253719822
2.8431010508871237
2.0371498122903664
1.8095302494249903
1.9583972790510331
2.4494271824869362
2.1264768765691175
1.9552904732094525
2.51202507879884
2.2521241745519966
1.9393373466115813
1.7530053626202053
1.8205263831320366
1.8239027729404442
1.5019799483845906
2.5737790019687248
2.22435186599299
1.9331492500579468
2.173338825242413
1.7790464962546013
2.2775534335954988
2.610441118810975
2.2242780869457044
1.7989262488523674
1.9799308591453135
2.1437625798055997
1.8956760655140832
2.0329250187812433
2.0928261472601104
1.8531303142976572
2.334441467397038
2.087651709258875
2.089872730997799
2.1122011467225286
2.761644462531982
1.9276308594587603
1.8249948427385738
1.817313700334612
1.7856269894818628
1.9796631721414437
1.8701705849821488
1.7181528786946934
2.341013970159629
1.8304306915340174
2.0411934245693475
1.8853705397241054
2.1213181174338014
1.6891566580750723
1.820429976322143
2.2701105226204734
2.5156602253832707
2.1872573862116416
2.022983207289106
1.568297266643622
1.5921307676389844
1.8089079660960206
2.11392892279657
2.323955639284282
2.028239462624387
1.7421668638709895
2.1464611409955974
2.050302017982817
1.9449114366997404
1.5935383849132294
2.0719464733049917
2.415203070100377
2.4756644823511595
2.273756636018775
1.195172885798259
2.451255964315011
1.5732175121495597
2.094559959448143
2.246160999231485
2.12715864613703
2.13331471115461
1.9321725682841444
1.7016916389633143
2.04790015265939
1.594369709711848
2.0601959300718438
2.04938086347334
2.6787660140051077
1.8273722757208268
1.4772197249337518
1.7745047033434442
2.077350737412949
2.1494398108818014
2.3667516966224165
1.516317430756221
1.99244441409638
1.5795895607903456
2.407644386266992
1.7033739651309818
1.5419286315873075
1.6253131105217449
2.8006043747840277
1.9229288983625283
2.599706129993831
1.938819700538347
1.8777449270671374
2.1121762191514932
2.313377154422412
1.7498514574286497
2.1183214909737207
2.061498160652961
2.098402045108946
1.9407541121231753
1.9970926704037253
2.013026772207883
1.9031357740556254
2.077905277995742
1.5825651006269341
2.1193828898575977
1.4904118538214692
1.635848046474938
2.305435655963248
2.4615463861984734
1.8287797671725026
1.9182980280784148
1.7662239086527483
2.5292361109208135
1.5123795247164622
1.8879508176868394
1.7722523126934644
1.775279834143075
2.349075718813392
3.031871536952703
2.108757793494463
2.934776779926154
2.026628986423112
1.5876101257643953
1.7911156281649938
1.984291557705364
2.0500147951942904
2.4587268714761485
2.6527493031265545
2.3735847435848663
1.9608125102546579
1.7596123661856606
1.3400326130217943
2.1094956895457946
1.8062269091805263
2.5419073251230184
1.7828705755279664
1.9154845657014943
2.0668447873387206
1.7107310073717295
1.9449875655814215
2.0716379550742703
1.9539399442963727
2.1101878892554495
1.991161057457598
1.8784848578095792
1.7844206833989158
1.9721686802429679
2.3491199767626485
2.196168290366413
1.8939826475377242
1.905589334953275
1.7417358689221414
1.7210800395083021
1.6017796691052437
2.296434141831525
2.188835947047105
1.4538302750031813
2.420775274165775
2.2758001206606076
1.6655956133567955
1.9866056298431367
1.9992340069264107
2.2831782725341805
2.1055610420179867
2.7781948839114414
1.8370684414919778
1.8331545259821174
