0.005364591614550725
0.0022336429255640344
0.06576499262396245
0.14883436186115503
0.00748486676519248
0.4089080624192434
0.16827306884957144
0.15810178170056738
0.014429800036522262
0.10154331822150066
0.19059814339395525
0.07413748402782318
0.28005649014199363
0.08440153425832997
0.2818254955518138
0.5350793725649555
0.08614153042191085
0.005617699755494043
0.08298826331300409
0.1439975891430701
0.049999715095910724
0.32156448554537864
0.3267560529436937
0.32655614975619984
0.29458762342465794
0.2004692877888726
0.006219296745332478
0.1724994840293382
0.043037510645726716
0.011754283422731642
0.13508945522428112
0.08083208577840476
0.1894192871481761
0.06492012401212932
0.019799455061129193
0.025073998567093157
0.09145962990095077
0.26956515839998724
0.02763772987330666
0.029706592208727952
0.11167973377905001
0.0415705574888369
0.04376070253966191
0.052997933616121956
0.09797025951040964
0.012401907260174323
0.166225070497926
0.0014143550050081607
0.3469293458610667
0.20576012614817416
0.025214723845021485
0.15873603952305007
0.32805176469209546
0.3844356536321057
0.0798765820429705
0.17377944076071472
0.059647032636050694
0.16624745475529643
0.011982326449159928
0.16376177465687183
0.10643014951630525
0.02404857572921083
0.026988593087560134
0.1463814634760032
0.26383755595760244
0.27286579909406466
0.027420773496957335
0.09522479445267495
0.1674977737217473
0.15217036160897576
0.011372345088537449
0.058373635856648405
0.2543758737660768
0.18019652025033964
0.15609093732007376
0.04512602904828721
0.037366863210489897
0.17402489771689675
0.07141523890486341
0.23675460855130462
0.04116849223042193
0.0841946383634292
0.11368959605194445
0.03753078536945327
0.1488894242468681
0.036623769396212584
0.15471443884249483
0.12582338177793045
0.17635468700435342
0.09030585156158012
0.09709672191802649
0.03498909336087092
0.02040424091453066
0.4031287210719259
0.15519647782726104
0.2052088069683944
0.03996030307685827
0.07092658593576776
0.006514260908053672
0.19499320138395218
0.17357415135413629
0.009686328118711375
0.07417527188912527
0.1714337081995351
0.3286229275780277
0.008361727934729325
0.00491868404875826
0.1396680731851497
0.024798161277450825
0.23703431228133343
0.25370459320163885
0.18374818589264927
0.06416828479606149
0.439580817403821
0.05483592374957787
0.10378874248905941
0.040493335541534184
0.07970655360573783
0.08820537548978968
0.029563314489260365
0.1299300233370127
0.23272629187591107
0.07607721178589189
0.0839938137441424
0.0437752623865464
0.21068501324748964
0.2000257075949075
0.25534084509193317
0.0567509839093322
0.04871260691012482
0.362505164968665
0.063072807232627
0.10464485221993317
0.17711181654152924
0.2063283840750924
0.04730860516938116
0.4366224914261713
0.14925510547324253
0.17829090477278034
0.1271998212210378
0.06534516340604858
0.15980610911273713
0.08957688781327464
0.005336165749447103
0.06154500972647021
0.056801376808796815
0.012631990001053438
0.144300540636279
0.20503194606890093
0.023674408985463833
0.1309646013659569
0.026362290304102354
0.14958640836603626
0.028297717121069335
0.39894999717097257
0.011632709135323854
0.06896812743085273
0.002840173847207638
0.24616307727835737
0.3356679544598757
0.022681499223142505
0.013191254952937664
0.24529422726956238
0.17578652311624632
0.10961674520210773
0.18710385370672172
0.35185448875614384
0.02534934094745557
0.1841872967493809
0.1259229365733113
0.195500797823247
0.29129683270306234
0.08658502047938592
0.056185497662839944
0.24858081649381314
0.005364227089785154
0.06773701195388165
0.15371497669155404
0.060643671348762355
0.1909432962423339
0.18430307589533299
0.12413143484417323
0.13749742168723345
0.12806159993728272
0.078838298324189
0.20882640987899015
0.1566901521893938
0.0940594493495401
0.1810897257454062
0.06248123536401379
0.13278093387645237
0.0265915389985806
0.025173498345827845
0.027695713020192365
0.21175990695934657
0.19465350091232975
0.06518482886571741
0.3659075799822203
0.3173254247091979
0.07850731751773316
0.12792357789894276
0.023887148475263516
0.07530605550583207
0.06248932436234863
0.1717923060351473
0.0125780447209786
0.10821634747670576
0.19578059512326082
0.009143498441927932
0.01937202203944528
0.17031931416692064
0.08140118226637277
0.29584501493054993
0.0357294221876889
0.3208529574593394
0.09177063221369258
0.02358099611842281
0.25119868610860574
0.01707044567503477
0.25778946316540113
0.08222216247315405
0.06526972790838634
0.2500093104835342
0.13164459472390436
0.10869997416520832
0.18387031204798585
0.07476804371863816
0.012719654279166503
0.0473513868030862
0.07376110668103938
0.24581493921063635
0.1113066933080322
0.28359512652026425
0.044033155983544375
0.06903354988499542
0.35377589882807275
0.35645408570193027
0.06334891891823996
0.26860567446364364
0.18845757419523057
0.02205183166277611
0.0045288082852592
0.11126540816689695
0.10129073983723282
0.2457343060712437
0.027078092844691502
0.05919661034031592
0.10953852253587518
0.3258040081977055
0.035405202887887795
0.34181728259853544
0.09731765143294181
0.10750428841549849
0.20588981532026154
0.017961407450806637
0.17995043344922712
0.0023032377543147626
0.005487279843931236
0.03351226808569938
0.03456827404211908
0.07444166196715783
0.2452275363839948
0.11248510650404803
0.08710912983570654
0.05980763439918068
0.05484081172671446
0.08263150850828543
0.05672206593273895
0.1323839081587476
0.01376137867278597
0.07447872456643635
0.037745560147952315
0.08747031082195258
0.10916997944815322
0.49273639172528017
0.09170270284689867
0.04150552005365436
0.004802458074061596
0.01649551561769193
0.11115020437362848
0.07657041584610134
0.14184294245703885
0.2360738469511926
0.11980328009507625
0.029461609739693292
0.17089768369973568
0.020924189650319572
0.09009002297996048
0.23700930889829777
0.1525865365574145
0.3994361072890174
0.03577306887240676
0.05328567075668411
0.12330403844403932
0.033018209229862545
0.20286759276614977
0.09139631276306763
0.1835426112888884
0.12313071049161409
0.12897630418242612
0.05596759177949983
0.5217316902658624
0.1545909382140749
0.0911354191631303
0.22883894298372878
0.010881204226712756
0.007600453401497817
0.04260106116468675
0.021346841854012113
0.09965351245291126
0.005305675051645192
0.1493606986850317
0.2705858617057503
0.2699978393132126
0.07318558805774068
0.12467019473306165
0.09156853249951526
0.02085229690041552
0.008171227057156965
0.05355519731067486
0.10812868709659332
0.006530544024100421
0.09146419811001553
0.1580140710990836
0.04280100683391056
0.02631438266176187
0.01316584549157164
0.002344270818391395
0.07667035597526543
0.033508775560467795
0.16047058425392824
0.06032634734021217
0.005709879802430906
0.02454643299110945
0.03699741316548476
0.0035148944866030384
0.0450740162798013
0.20321987180423276
0.009010934573556964
0.2975813007800401
0.019713416659757437
0.11347120543399497
0.021299398359150654
0.017150439883708134
0.16659692296046302
0.14687636424772396
0.2727544634715864
0.19642136102441657
0.12618721855766832
0.04411128605534907
0.1668521745180299
0.0671361848553157
0.1080180136537757
0.059742830698198725
0.017523260683492015
0.05463797759627023
0.005083112039825134
0.13753305211446942
0.10825660006736551
0.12773647622234957
0.20464461929019745
0.04332990146567211
0.25726949371092667
0.03949195074631661
0.04486340686309687
0.3551959763054592
0.13846437523054533
0.003559537696588992
0.17827976143766044
0.2470786682395092
0.09193293345571849
0.15120636249793457
0.061402001676551785
0.03837367527915632
0.21231679137635306
0.42239220223423096
0.08821406898852356
0.06346124917402914
0.04165754493236322
0.23080579770236537
0.046809684578174506
0.1952033112746143
0.006507730720715182
0.2634709501358396
0.06353789701375653
0.22664751781392706
0.282714608469729
0.057578277494468255
0.20017774678463734
0.07975290952268364
0.18051872596628607
0.2747553366693403
0.06272150240260514
0.09403196243777821
0.5294400230065535
0.17449369390094638
0.0964986464256626
0.0906050712387945
0.10059750079208184
0.07471101125224439
0.0875456978117135
0.13844322336157144
0.3056103681722202
0.07093049290168925
0.20539229895859448
0.24459685366161085
0.07734732641610231
0.1278046799668735
0.1983295084158983
0.056558719530412936
0.033854768119096317
0.011613758739811676
0.20628621279858453
0.009275957005902837
0.0030586009172051936
0.24371194414480302
0.22746463621846197
0.06139609020353687
0.045359207885012465
0.12884398408850636
0.08223689337987007
0.1545704942512411
0.1252163008251415
0.06723597254398156
0.022323086150746227
0.1645366745869674
0.013537603596770004
0.03276082232195739
0.08314627812147263
0.2187719217241308
0.1725569864040527
0.06710968296110553
0.009371633959019663
0.3068962464611059
0.13166143208246917
0.0030596935379971846
0.009456015005290572
0.09103525990008413
0.06618118825013794
0.14976057733472833
0.04015757724477023
0.030712602296909808
0.004429808326395393
0.09865738065710428
0.06872491916354012
0.04484495948012451
0.0865307282217655
0.05848306410905517
0.14265743793693117
0.033471495941583655
0.029732248245418473
0.03570554807238788
0.1910203646533199
0.20799337870203624
0.0385077932605432
0.09140875897950625
0.094914439725019
0.04978289345102552
0.14965003980440894
0.1657251433203204
0.07224807426076599
0.11470810880124398
0.07220675597745355
0.3396634709426027
0.0534937994681307
0.07882366238462689
0.02718981422153501
0.27525550251177566
0.07023195873622501
0.022877360064210112
0.1059533444613397
0.05014714906647463
0.16390511242073186
0.12142689147277827
0.19793256099631276
0.2842409825605169
0.22230975651120136
0.24102275888913927
0.14231235914388868
0.04756461105673207
0.20354108306627425
0.4193838063142644
0.01993917094828258
0.17971363075886185
0.09685288588735284
0.037198265176479596
0.03152009881649215
0.11212820159573253
0.021111250472291662
0.26704312006171954
0.07654302371116899
0.17593909770421085
0.06536208672728457
0.33436655986758756
0.17168981569460107
0.02886971897724821
0.1545232811892204
0.15295033818374018
0.021678438243586597
0.014142268025406104
0.25507137650937
0.012736325876675916
0.0018692415443126071
0.014713017490752996
0.21072682390328035
0.1866228417171504
0.19672544389635385
0.09153097815762633
0.04180394029558813
0.0566815433478553
0.08074342558698062
0.02850262856376093
0.10285424012692819
0.27243232287824104
0.013874714563866424
0.13771399428765152
0.12773702559112307
0.027003631850587517
0.015663280194955227
0.0017763084759242797
0.0006407789973428405
0.08989847029661911
0.2274712376566684
0.079305950703126
0.1169759679349648
0.012169803462666464
0.010949209537313782
0.02885153658782596
0.081174451122207
0.12474431628350283
0.026946532194730206
0.03765668336927207
0.04576516860980757
0.1729561029600099
0.04198782692032469
0.3726729571755252
0.07958734646708007
0.0007235940963025356
0.07894191406079801
0.38239051594276124
0.16017978869977179
0.08599388948695288
0.0741162929035201
0.20828323843682506
0.08896656767337056
0.4340178898862263
0.008491718665012258
0.17074823188421992
0.07411623539215921
0.07348107843126842
0.28018671438104087
0.010080665190363719
0.019572663778712255
0.23706989184783972
0.10732564921494274
0.09650630026887544
0.45179639743730793
0.09273716847063923
0.007748276822181854
0.03965803927723512
0.05663647196824759
0.08929890842690263
0.11907579313217871
0.20578918782835512
0.14289525306201695
0.06278272240570675
0.2940987482744103
0.17260029293031587
0.00020862676950893404
0.015295279914846104
0.032259134006612004
0.355701752123744
0.16398286191816921
0.02538712489799232
0.014349321600176917
0.06283601568098808
0.00804740301876549
0.2078495649605243
0.030354294190692424
0.20544125483667436
0.1879874123112072
0.11448041690361319
0.061290005742362964
0.3216407161458825
0.1640785550837749
0.2387512537326442
0.08602785751017525
0.03428091052294072
0.037951802782389576
0.016903351048126198
0.07638958997907976
0.07429238948578494
0.024628861581052364
0.027322939157756538
0.014062139708938638
0.08139501469481751
0.06433179991542552
0.024005834976999076
0.12465969398981587
0.12589364473775194
0.061297748059137236
0.17352421939559096
0.028710387767863336
0.10040157789642686
0.02009563685594432
0.16417969654310485
0.23713987252712798
0.014254683577888963
0.16461105140456841
0.10289192819128974
0.014887991555274137
0.10202319016473715
0.04135210050273779
0.03327121986678323
0.07319809330382396
0.02119943100948982
0.058652407866849096
0.21507870510836685
0.08093830798244342
0.08866722372686302
0.22550621169233515
0.08454133319786025
0.052891714606826616
0.07017636408928388
0.015724755069287416
0.030447027316934258
0.19657251125986855
0.20942105492668595
0.014721124664239794
0.1407687643488634
0.24205631352117332
0.044216155438338366
0.09358643540503901
0.06516062543879465
0.014830404432504534
0.14405594645822498
0.22627903195744337
0.2043088941910429
0.12299887830471479
0.047202708399054695
0.1403660084310205
0.060933589923669
0.3546698709962278
0.03713458892485088
0.07160093672805297
0.029906591249367908
0.06310852598722513
0.054601978635744675
0.057091222391794955
0.07180822340250902
0.47762652703860303
0.10012655392434161
0.021793173467203525
0.06308312994511554
0.0820459760516743
0.13174092645676594
0.09400030527254043
0.02577007644466011
0.09811775841741611
0.0841178986656021
0.02431536900432978
0.003940257433797317
0.3264191982481576
0.10107123782344678
0.028703676003310825
0.08953625967606299
0.019732967416186558
0.059355831556609444
0.03444673177790168
0.4360143970903922
0.1159995811967772
0.010541792598417803
0.213579406072789
0.14142960256711518
0.09307763404860818
0.060463670405056937
0.09814199235271075
0.2801685457991075
0.22902209029004156
0.04423794490472466
0.16093032977667823
0.0018506483461917021
0.07738243421785448
0.18635043328640938
0.001551457172817021
0.03217845247735412
0.22738610056765587
0.08185964602640024
0.333212218328425
0.26494041513666083
0.08303039714018919
0.029809106648386128
0.023702246715078
0.1779042726777056
0.2791346323052661
0.038800234953863755
0.20970964015523344
0.28495252405124755
0.12176613805492405
0.036299486599079306
0.14617880783122672
0.0841719001033138
0.052025952067367515
0.10327979978967942
0.12246521541403481
0.07790858051393525
0.03399457584733765
0.02993168235801152
0.015245020833282816
0.39269538340407256
0.33260109937228377
0.002066675219455941
0.14664141836860303
0.16579052088219304
0.1720195588183189
0.24004640797785523
0.04386799477438465
0.06216648480177769
0.021515127106484396
0.1510802382981235
0.09946544419120239
0.08981942218028041
0.13598347974712013
0.027889481661214396
0.19697548150949507
0.056611817175185694
0.06121539412274224
0.2176781205674228
0.007620137193481019
0.0279103982430463
0.05595547390086565
0.02001675274465065
0.158611663631433
0.07293190876459324
0.12737040219505183
0.23570973603115264
0.24043116166876696
0.00720930942501338
0.014285528538127186
0.19477675332631944
0.24233559012621128
0.019182145832080753
0.03541723196945639
0.07039491061807027
0.025310434267591303
0.009677535992062775
0.05344447008864536
0.12513090505021848
0.03738070936223901
0.09082515851100331
0.042941809662109635
0.27777130109820825
0.051744447244067376
0.1644022145040994
0.05196251141948471
0.2575860738340729
0.09064144566231698
0.059786665944577495
0.13488397839399563
0.14532704156208445
0.06927547026681706
0.02584666126777207
0.19031727488067432
0.2818538744523909
0.16479133472601779
0.23270142752177106
0.005464637449052668
0.1235152919078281
0.14867860769241859
0.043412790523058485
0.11739103983797684
0.026536394231487292
0.04629314447555098
0.04235793534886966
0.19341876945338587
0.0006102350421524048
0.13368578649407045
0.14768257802647516
0.08317281936233069
0.196401145722603
0.055529721397585566
0.011543391726526917
0.007507288058863534
0.00699091346759925
0.017823863935065756
0.13926393419624816
0.27753485315143633
0.2310999958762532
0.05900119272760234
0.1959254707407463
0.05729935746862733
0.3068209478010708
0.5008727999500676
0.23820885339029102
0.21091064818306865
0.17351520536880174
0.2443226848350332
0.16641539989199702
0.1335405316215417
0.062192842265691814
0.23421602772924624
0.40220717060114125
0.05243175768487556
0.016622212542700906
0.30372093567940633
0.12945750467374087
0.2169138179934865
0.08690143653095513
0.23577939146805396
0.05412643986813582
0.014304030990675459
0.016045054009839327
0.04384910737219881
0.064272161322153
0.07391065781753497
0.04478930484603784
0.12642885922787753
0.04923521779565072
0.033578076693737906
0.07003017332174198
0.12556858479544436
0.1725015071640064
0.10775608468084634
0.11886717677612661
0.13661248876288634
0.10745969152996449
0.1738870215492741
0.18583416804565742
0.25943035793484776
0.1584971464179551
0.059191757695296734
0.12066171630980177
0.021831547482072305
0.01729616528029952
0.20922056056666888
0.005720447853032371
0.0993437047372484
0.06285358671834972
0.15722433465058264
0.2563203658036625
0.054726023206077605
0.13658429403232758
0.08126184145748255
0.17187195569322436
0.02377782093304909
0.056301800086350155
0.13920928359279458
0.10698962378715891
0.13168956039057444
0.6435897382030747
0.14335141777690916
0.019291456905589817
0.12427750021281471
0.055103679745829984
0.23936826154671784
0.07335691797781205
0.28308685834224634
0.2959048012930649
0.027606058937696847
0.27090989026982887
0.046674284516239416
0.04578562124710452
0.1477386224211839
0.030408920962682266
0.07827756027481979
0.15017818309394937
0.06961929527567759
0.010693231474824282
0.09634923015622855
0.15548186229594105
0.15351053885327146
0.0019213061585842675
0.06784821885591678
0.22442964424663783
0.057335718877989016
0.013430439479621014
0.18476089116328193
0.002455167381894524
0.06335390474441545
0.19261550996081872
0.0001472119274831661
0.02118555302820076
0.09197894914246814
0.07475281921271831
0.1545505080910406
0.23701022020009718
0.20708296490010955
0.039641255954699944
0.01057975496588476
0.1321646237522217
0.16118609633575628
0.05884949893954274
0.08886577851742476
0.09397064671718477
0.002102157413462977
0.15571582224658215
0.0022817826249073555
0.008900151033710408
0.015685507223766115
0.13111964647055468
0.1768041262698468
0.056463146034177604
0.26328270482413757
0.036387712243582324
0.26783813862405853
0.25716155927780365
0.10948674393840947
0.08959052080246985
0.031079370758471184
0.15628951311886996
0.03598523854780715
0.04700933809551348
0.08271691728591367
0.0395998234439202
0.03613225145840658
0.13170483643096179
0.2683902669179045
0.014985804912664194
0.07939378782014775
0.13658883081934842
0.04347487155572443
0.039426297648185026
0.015437531440158166
0.18882323994173178
0.06145283143760289
0.1788470382182242
0.01120552236390533
0.07751416969695117
0.22676178599672595
0.08161478955106682
0.0910149992442712
0.0764229747302555
0.04076286005680244
0.18012101249469242
0.03402297260622346
0.2643321450912335
0.1644682944778242
0.0423506926781878
0.022573843467063606
0.2391556567258161
0.03275404292440836
0.1637772906727759
0.0901562797509141
0.033896851770371675
0.18271160615371032
0.08666287979371659
0.2869901785429596
0.031764694261170845
0.16989080169884474
0.0014289160605741203
0.06570619621258161
0.24004116193824118
0.34702845734378646
0.12697079595137098
0.12799459120041884
0.10418072552003656
0.10473429623662095
0.20983283894236998
0.07016913268978879
0.04324973088256406
0.04583524625364993
0.2237053808350795
0.08553200767103196
0.19916139827587429
0.03884680879907079
0.0005376937242898825
0.0979886544700683
0.22466422411907216
0.2636656414967951
0.14173790155481306
0.36477696016702355
0.188248571780363
0.0964863294882589
0.05548637674743529
0.08265285101780152
0.09054934580260464
0.05256064614032659
0.02368092511905453
0.37572911410899384
0.007533093452949102
0.06482603442870505
0.1118396573314913
0.12393693869823336
0.06899372620620076
0.22985399745183624
0.29950071722124877
0.20547553889390663
0.0014462424026181074
0.05207720957343875
0.137158081189252
0.15569515787099208
0.05125485971807911
0.24225775964887325
0.022977762633682113
0.03567248630198783
0.01195179346695473
0.03560319083758448
0.21190881973501716
0.2534487675569787
0.27700912445004616
