y_y
3.514614582247503
4.433315515308182
4.028234180856607
4.072918515676095
3.8661142170773206
3.880207289875272
3.313013537540501
3.791524796548747
3.798779906304166
4.04315390085015
4.050693321670761
4.016365040236473
2.817727277465014
4.287274863981673
3.450275141661575
3.4218525859731543
3.702898502067321
3.5179972337180723
3.6048243610239883
3.8266108100422858
3.234703993796523
3.7494912462032803
4.448334035180814
3.658542363049686
3.7705494223294247
3.96109146210465
3.8423744437099154
3.240003790728576
4.158418058203203
3.602830989463536
3.965511720476254
3.9922521824606028
3.190308241154361
4.562062004187134
3.077472018975496
3.987436707060283
4.323965243345142
2.987412332922141
2.902945619613806
3.553547801339899
3.944620500151971
3.6123396915393964
3.50541299730217
2.615632046605068
3.9069940804031167
3.240679256883315
3.503622208697718
3.6768913048916945
3.667050685782557
3.9191404821521707
2.6876421197768012
3.1393739018427818
4.505462231243003
3.7199929768605537
3.0925038329007677
3.8923749682815307
4.343130415298491
3.3623595609539456
3.677136603698712
3.5147486873120664
3.5227426586074597
3.4169849625965107
4.545458968296157
2.4630412904157883
4.358068756560318
3.183003285144923
3.739653810807088
3.759249666515721
4.457005693056171
3.0162794497706535
2.741662540211992
3.477411842409226
4.768015434911495
3.3137963104109405
4.128935837431377
3.6480551617516785
4.278602949259177
3.804709948327885
3.7146085664714796
4.296921315396723
4.672673106713995
4.288937811438727
3.6452203203804285
3.438025890067951
4.519023753581
4.301737224225829
3.5348194171500573
3.4770136667552505
4.309620595506431
3.6045990941602724
3.9683807309342805
3.2149295306608665
3.525925569350233
4.472047081110981
2.841987905898771
3.533358746429086
4.186183477172783
4.732129458567139
3.3911431796600477
4.239383772947556
3.4781987815353403
3.1891411790271755
3.7099405357150417
3.9487759930937942
4.2696061725863945
4.154121201461885
4.05010131185651
3.8318675884589455
3.4004801642492946
3.9225151953399755
3.852736500030283
3.7979182354208096
3.9464037480626977
4.163994122033673
4.4747766622452225
3.3278452492133037
3.9007257568591314
4.201080187723806
4.108284912399341
3.5864022838674012
3.9780452211390256
3.915653270989061
4.074683313301816
4.091658800501028
2.860008040231711
3.182956032861618
3.170730651347299
3.5222313772413085
3.4718895539801986
4.448624014417167
3.183399125718648
3.988605281760126
4.768732627536286
3.4416952172922284
4.375235596584578
3.0038512816997107
2.968619553320975
3.9159330350720216
3.4591829779591268
4.663709936872652
3.4272141683539776
3.52371369607725
2.157061844169003
3.8429671006116948
4.46984654759163
3.8865899016118304
4.247394549999934
3.4748272527010755
4.438588624771176
4.584962102272295
3.694964458830898
4.71337232271611
4.0688790512347115
5.31893519327116
3.721390509880796
4.159320605410749
3.8877019021704884
2.525188124183864
4.256046299010777
3.248936412223049
2.958215052675128
3.673007854794001
3.2505701655472525
4.147073738500458
4.0682130725150625
3.079603671388059
3.7409557601722128
3.917756600237828
3.7254342329849557
4.634730369137121
4.130480692185503
4.323529416821991
3.1927727295920403
3.7409102784892787
3.3736798082371684
4.523180716506161
3.7440092549154147
2.816492632159505
3.4183135352072815
4.419272464691259
3.6035063606078865
3.9159599138191528
4.081718609910653
4.670690940586284
4.659921359132706
3.9177345951307516
3.143260639886824
3.8753717479638126
3.645462002730759
4.432427282003435
3.772886321031394
3.535556652133801
3.921151995703311
4.4432674054689
3.758932925128735
4.8329941240787155
4.245517909348288
3.55993510818454
3.911685946449683
4.583192690146411
3.7971818930026817
3.654023035141263
3.9049458838984843
4.249175652052488
4.446488808614095
3.5241593463473224
3.237086777239462
3.9544329891380996
3.755908727351319
3.735242684330287
3.9563133707863014
3.750695317259587
2.7918211522163836
3.095747608067632
4.213972264980286
3.9025591169010383
3.6108547104226223
3.609216066778207
3.70912763368787
3.165693758669632
5.182355916404336
4.430445130316628
3.528071354379162
2.6217128682918918
4.201948536444522
3.949243415775
2.6111170101936305
3.4500478443742635
3.324384730720655
4.382873987926335
3.6080211901913253
4.700699728136605
3.3363452003469845
4.380582881525081
3.3380619997839407
3.9860046848199
3.9377224515814944
3.7395722345138336
3.0726460956233055
4.373062245646136
4.440117338339129
4.559123720277798
3.3995951126740964
3.0508762786155295
3.7199205872619543
4.239681556244736
4.45079262997721
3.031080676293047
3.716846922374469
3.6962381641853717
3.1593565019684027
3.9505998590584857
3.451471419831608
3.4609503910906403
3.58105333706048
3.991442959846639
4.898335237871814
3.586261543139429
3.9985846393417317
3.483343164041454
3.086519075668222
3.554686876692841
3.590173212585932
3.4478813194670552
3.4200954021365852
2.990190237261968
3.5794302082274068
2.4510412460349356
2.8208710326031805
3.777847646008999
3.3886592815378704
3.8206765217834966
3.132530261688016
3.256320227279538
3.2885781471245417
3.5365295607822724
3.3521854819058374
3.4327043267804886
4.239084154798486
3.8622989567342048
3.434321819741111
3.7294406684353056
3.4129582669978906
3.6310860266280813
3.7015522072592284
3.6047188099109366
3.1078816667779456
4.176379762399679
4.215254223821227
3.922876220117755
3.926068552321749
4.351198362942635
4.1923366636591535
3.6577280870174866
3.9176817712648635
3.785248918771472
3.18634729447902
4.418829633103401
3.712907329637338
4.430580718621856
4.5663149212783125
4.818026803339879
4.014005707179924
4.25596411185075
3.4299352900548747
4.516478731928982
4.683079668233842
2.9829443230102086
4.018777024255864
3.7508503216852898
3.600987985313826
3.6678252769121755
3.964683908954632
3.2818288168370766
4.500389109857355
3.4544179746403914
4.292236526572211
3.567046276766023
3.627014847234479
3.109867638904095
4.434977743874095
2.6048830013683206
3.3687376888006066
3.2626627716342003
3.916364275658203
4.869835906700774
3.3087183332369943
3.074720501915648
3.185434802974135
3.569933460540706
4.208043548639724
3.19629266001203
3.4017305884510933
4.6206890346293195
3.1794959049250986
3.5927887267504084
3.503632822232998
3.8685901832443625
3.8778136219026527
3.3420220866049783
3.7494634028956306
3.989604188455041
3.7931275775946123
2.9016901453723536
3.4691741463448285
4.55126992340606
5.255931236261368
3.710066234831624
3.832210964629845
3.581915068959967
4.727547224685442
3.106474665107446
4.226922249280408
3.5025821844139116
3.1968809678384913
2.7961703841350354
3.672610530941129
3.957783660127672
3.078995360883388
3.133069338898401
3.835771390241316
4.174458842687941
4.3190055572739965
4.0856414977728575
3.2850183668159385
4.417081344635024
3.8077980841709795
3.881442038612504
3.0369595412333044
4.016551933391519
3.2025211457295253
3.8487031916494985
3.6892962168814853
3.903958910744352
3.737976829807339
2.9586688305949633
3.450222619246031
4.081747643540264
3.4178384986602093
2.5235152141852564
2.5576291418046764
3.499694902926457
4.435339628827524
2.8095297082484287
3.6043076969793435
4.039612677577625
4.052232399819401
3.054081677146549
3.9616118391074577
4.401606681576477
4.0201442701390055
3.422966266093015
4.750754414398204
4.201013524019531
4.418129714199195
4.163390192393604
3.4085254871057464
4.246973285750859
3.6600142616140174
2.9471359135869033
4.475813941752198
3.633871323854298
3.8713421486209514
3.395732953987768
3.708103526658238
3.199237509229292
3.6078483310718585
3.4187202709114164
3.700446786260118
2.7975909651178537
3.2041299295574572
4.359052288804447
3.8585822681617787
4.57436025741514
3.31352928025129
4.379104616328788
3.5795826838695515
4.104185130805184
4.3719282923190725
4.283041786617715
3.5720986184609
3.741404958277578
2.913697099709586
2.893626060876529
4.418721201523136
3.8898777998156344
4.111329797848654
3.7460416885840457
3.43038093237418
4.008542852634108
3.783848348862468
2.15263435838654
3.545179420060021
4.5429780707128025
4.417853498605847
3.2849886366423657
4.029597540503361
4.970695258364914
4.107440077857516
4.27371275997049
3.7354118955037108
3.455604633272615
4.122965382174702
3.1700325247746965
3.9189158894961698
2.9224343053560853
4.216865934336249
4.493817803763712
3.0193415300713444
2.8445779103815956
3.2183580693710594
3.515421246072971
4.0084996268253015
3.1618746859012545
4.5569451369033755
4.263781318562078
3.47256707575723
4.152536372867967
3.5245267588644964
4.330803151269149
3.383871731590343
1.992284404486031
3.5231153456612088
4.272306139398539
3.812793572665843
3.75851681229648
3.2050133830582928
3.2525694728233994
4.080098787594216
3.6376626168655144
4.692862600124993
3.5285921156255333
3.8523917662806397
3.319794431209753
3.841584770915758
4.622283692461957
3.3029976935508194
4.442259668896529
3.792528364098752
4.789784954815368
3.808017653075122
4.137435944716208
3.8016755699022626
3.7444397988120186
4.997730912110664
3.671622028248553
5.456882425782427
3.347892286827036
3.6380538646839784
3.066664139859654
3.6098290548833547
3.4388204354483936
3.44372874426322
3.117551709715718
3.61799647475786
3.967310252236103
4.357119906233276
3.465316434022855
3.750821862539206
3.3227013137795263
3.707830797706876
3.2581763237206456
3.5698479527550786
3.814300804471882
3.896254675746409
3.2763851492686973
3.391525634563168
3.3380804680306007
3.290106764421415
4.488735645162763
3.4631189928770163
3.652939367363521
3.2631234353602676
3.5313133683136644
3.87559226999617
4.74521567482532
4.1673338026022035
3.9164178747103486
3.2615317391660033
2.788612876938249
4.099742037235635
3.1606758852629775
4.356369961756656
3.6507480273364514
3.420469829709081
3.3506910957741263
4.680405055214257
3.1100018412367456
4.336897317599911
4.081856934572965
3.3991626139739894
4.303316165355473
3.3631847072287755
4.376375701556503
2.7424882163564663
3.644184340156534
4.342210277015804
3.8415707696224066
3.478804141000191
4.288911035592926
3.4482105650773236
3.6118538669873264
4.071151949305834
3.9120049279640345
3.2277261690857344
3.5787472113691727
2.4185358487274695
4.161557644208145
3.5809916878757653
3.1116221189939695
4.742755512214447
3.6365266997794614
4.094278142518116
4.175475430207764
3.4587320089154763
3.5483234186199533
3.045581300149611
4.320941682665259
4.453825131259267
3.5570767931080156
4.178370856017999
3.940482747049639
4.220732720697557
3.343987841152802
3.3753742005577356
4.706436242973481
4.40033166889177
2.6746057989875864
3.3933561326158
4.318313033479594
2.2497503919379707
3.6918915573597437
3.7992094520589035
3.9025420670930173
3.7876259831698866
3.027302140670927
3.0589469045557234
5.055396871474055
3.394108893382125
4.78574891923974
4.7537638383149945
4.02166852408841
4.175317790390817
4.38878204453833
3.442632663215531
4.245014746957602
3.9014006979714
3.177010750915311
4.731335377361997
3.826984710034232
4.478633121467131
3.5229430123273433
4.648456933957608
3.5596416909470676
5.03019568680547
3.6658809522400366
4.34045358252316
4.375753375170706
3.843669108447912
3.176703420225957
3.0190077204697214
4.825756617846476
4.539933808021622
5.1398782832071115
4.284836513730044
3.7307174550380973
3.6209447428500954
3.7923402936142367
4.1346234143382645
4.247425767895988
3.6478392335605556
3.8420957089235155
4.2918924232740805
3.8182866295715105
4.012946927211563
3.6133228359053233
2.9992512582088486
3.471303176648705
4.783634334715992
4.037103093603668
3.3307989952509613
2.958211586950131
4.279519877213066
4.598094751621152
3.386345603245304
3.7752799123766017
3.5496312025537873
4.332586245403886
3.4080140265222614
3.885855286089553
3.8373076377648214
3.8499154206392596
4.171513670412527
2.7576817891378154
3.430579115835593
4.889310289322022
3.199989404706685
4.555023013916203
3.9984817423312835
3.7201360758366984
3.942453233823985
3.734837352689767
3.1724755741458073
3.971504806972685
4.397688317203363
3.6126681163302754
3.951500059886577
4.429928120883368
3.1351712304967485
3.587418645998362
4.015167473255562
3.8938485140095067
3.1813186544676473
3.839990330763205
3.410274140033088
3.4973464113653288
4.0745884068720475
3.963804492639606
3.287817925621017
4.3189489664756175
3.204175001711145
3.442668288124241
2.67365987883171
3.4554508427541157
5.029450445956113
4.543329679261345
6.008776070572466
3.4885230759491064
3.5500877531934085
3.931563588516839
2.261218927555986
3.917749234395258
4.005052102024266
4.221632083311809
4.688593740769068
4.583943832353212
3.207731043240185
4.519312395784057
3.9434021373934933
4.317723507966837
4.8232104001372145
3.8491292649097866
3.1521483862081388
4.026225325702361
3.4356225803745764
3.2718626085570777
3.8749742013489326
3.1886158545069727
4.029023560081205
3.547251187585017
4.3186247358719285
4.4394210250838695
4.0952340083203636
3.8851104557074096
4.196154184376588
3.648461701368512
3.812835271524823
4.829446897955296
3.6926144577799414
4.623371959386322
3.873429116564766
2.5990976395552097
2.5092630774952323
3.703008388997712
3.7862237487637347
3.2116456627688352
4.024287422346678
3.4811388861900903
2.95104489153406
2.9680987737615707
4.633230738433442
4.822090676281049
3.988556030555412
3.8414928625742957
2.904084715275019
4.900147497409612
5.086097111333709
4.204066303465886
3.4287091437944137
3.5215078231349866
4.615969015737588
3.5555588942442977
3.80927295957577
4.874608501233309
3.1783317100494153
4.058721267534
4.545828916653733
3.6022053588059006
4.274833167562583
4.2847585250656826
3.2180349974203217
3.946503294658514
3.8022117706372915
3.222612624395353
3.5709722976821467
3.9945721835074393
3.8614654544080107
4.71178719077034
4.299637473817843
3.948179476258249
3.6929338014093287
3.4130408281266904
3.374532067546779
3.5851067869695825
3.667639126660241
3.688670741848274
4.779804299286979
3.1273578959158033
3.335856641542566
3.273961056520214
3.4695303380967593
4.392543825465936
4.004758625368743
4.669990472979284
3.905333472741721
4.374751256191224
3.7859441050862177
3.771921766622831
2.7872105733587955
3.530391832302519
4.735386533875607
3.3079476106946553
4.8438612766411895
4.792050311076507
3.8757646753956134
4.296717034695373
3.8404685573968895
3.2127292969168044
4.285099315087238
3.459152505227784
3.7137164998806638
3.494339591098568
4.4444832582533245
4.560971758848662
3.7297161460192196
3.7690976899066304
3.771921270805563
3.6906886949586544
4.003650924750051
3.7543646459904236
3.8971070790141527
4.353934334085541
3.6136079973397015
4.0358042009854
4.849688639327517
4.304161003372216
3.223205450660368
3.9082806921032676
3.8236406209466467
3.4805355431437426
4.892194767864889
3.704404537364643
3.2567828265277123
3.624529529035738
3.5124523432377437
3.8826582667986713
4.297258020598294
3.4794268019788706
3.189305874881582
3.4746034412880995
4.010400431162939
3.1166787340709545
3.8421045810635777
3.9407032171201566
3.765446548884566
2.9469108808760054
4.567501557738492
4.078771189092962
3.8686550040058214
4.279337539007165
3.6413910970356174
3.052427676890932
3.6985858943635592
3.0403475461600102
4.048185773817097
2.872863538641963
4.375462718212
4.188250400683547
3.6396270952301686
3.459366932647026
3.255802388526804
4.546029859601892
3.9252623061324905
4.994696026075075
4.280366127024766
4.259974654752145
4.15795933722913
3.5161413400875845
3.7227104162996385
3.6755940197849974
3.716662229091118
3.3908328470133395
3.9581363864158723
4.091281265954164
2.82371302382576
4.3106552129814295
3.865481121788544
3.3820877292158844
3.6470246267681965
2.9195588054981525
3.1959778035972626
3.752150276028664
4.072663534289673
3.9641525341830453
3.6294556513081213
4.808635140744286
3.276644944605308
3.9893142910604156
3.6588716864667723
4.542510434664716
3.9368710216327165
4.40133498445398
3.4480629130745775
3.435082352204257
4.188060370013315
3.498774322510565
3.0816768981262572
3.6112167491505653
4.052411913517661
2.974162110093757
3.4080122735922953
3.77139928879434
4.543075127093813
5.408867997371477
4.465095308408802
3.4999616750749243
3.7484524352999458
3.5050325588694062
4.765531327021174
3.4667795487958823
4.575106720062817
3.5284612937686157
4.019157264452597
3.755402664689878
4.361693337080858
3.271905678148236
3.7572101792073025
3.128861827244934
4.1604588649654755
3.51483885854363
3.647254585358768
4.488204741977406
3.67946854409179
4.399899467222512
4.459695496103852
3.8690962710010495
3.787488444066266
4.9890393582101895
3.6982579794835004
3.761494008816236
4.2291573954883885
3.0415547511882712
3.9875935921621553
3.4357854915170334
3.361564604074072
4.701644613798934
3.4569504831157003
4.063790972254994
4.034560448979466
4.268901757528228
4.6713608577779855
4.028605745264485
3.1005271516903616
4.045419410062091
4.468604762262054
3.1971212138086265
4.1278478384699495
4.236427116465645
4.095597434584557
2.93144509090134
4.258645355997059
4.38721212926884
3.5235485421265107
3.6849305571644604
3.4158307183432512
4.090498692534106
4.23596428821507
2.921409130666663
4.368023280740024
3.693141981455416
4.016071777849966
3.696654423347648
3.8616039143191183
3.787713927008573
4.808826452621193
4.3290458057340375
4.3000689979215
4.401860227787388
3.543848641336438
3.823347089875669
4.584353201707909
3.458091405053485
3.63053795482514
2.869548719134156
4.347220665858146
4.359468924460531
4.30033971604274
4.095318310548585
3.3131541167434055
3.163535409891773
3.2706585958620376
4.049735427590126
3.5625177527613996
3.3350392662454165
4.325297525592343
3.5847053966610827
3.493607833936651
3.624809980384287
3.5021796159985006
3.9949391555973683
2.57077179813548
3.475625360857958
4.779073304868763
3.7899409154489447
4.136703509064754
3.687292205082113
4.294584233782684
3.999152990815911
3.0509657076694285
2.797628343172196
3.1630860354151604
3.4853835267883237
3.566772381859525
3.349839946528739
4.206300066393021
4.406727092588354
4.010758694040881
4.282400927812402
3.878288169390739
3.356708925493067
4.524348476670673
3.6556156888242533
3.9881000952016707
4.0079442572616
3.335547065949215
3.244006305819046
4.119061862137111
3.9994078928668544
3.593456362268672
4.017387650509682
5.255428784284712
4.304333448009965
3.1207552336932127
3.0453069086017948
2.748248682946015
4.092980849729218
3.7010243895284214
3.5908282221075694
3.341291112378172
4.133161925418513
3.4919422907504227
3.2584868687310213
4.258270927754112
4.240968549935981
4.011909248750309
5.021476969934888
3.693926905390713
3.0634589633486895
4.635773333793193
4.091763489700296
