Trait,Marker_ID,Estimate,SD,Model_Frequency
y,1,-0.033727016182667054,0.1431141416314589,0.6579999999999991
y,2,-0.501249274680886,0.19123527465363355,0.9909999999999999
y,3,1.4202450400593645,0.16480792436519148,1.0
y,4,0.48009782018553626,0.19167042140192964,0.9849999999999993
y,5,-1.364226612711437,0.20567683734803066,1.0
y,6,-1.0954030524612939,0.18375273614440235,1.0
y,7,-0.5149923685606095,0.18781940719106055,0.9909999999999991
y,8,1.2353157199929838,0.18203432697356345,1.0
y,9,-0.5865756498608997,0.17295201934803642,0.9980000000000006
y,10,-0.5632273980929823,0.1759954094166395,0.9959999999999996
