y_y
3.59948525159763
3.9962866324093858
3.6732134647027843
3.702863940864916
3.9281581209953194
3.624239202404997
4.1214368580261835
4.659899802672065
4.35284733163715
3.738675637700963
4.617823115827277
4.500354409087635
4.920616681493634
4.1158760953612035
3.321899833335133
3.906585431185782
4.175671185131318
3.4340545385551224
4.035603253863233
3.5308345964505135
5.032600715355877
4.019158036419926
3.9899296885088975
3.9807972161588765
3.7648118012629235
3.7567771989002545
4.24584963679255
3.3151199171924914
4.959619961671485
4.298415488926963
4.046544031601673
4.302681764979592
3.136538483964506
3.011344612001134
3.212123093940448
4.439239951057921
3.0939021632510215
3.442787746612059
4.516365712248097
4.309097754147385
3.4775551908915863
3.2691158434116256
4.29061227317413
4.79313521557865
3.8771598845356974
3.9247625570135147
3.476719713361033
3.892994071661792
3.4923501783340867
3.398948194416632
3.8087235375922095
3.7271802278391246
3.5991894561092272
3.4505661852447234
4.062489285458348
3.368760604592124
4.090110483476236
4.022342366267395
3.642780022606359
3.404327712500105
2.8873933725209207
4.06644540998073
5.269405925834575
3.9552609215445442
3.5765894996451393
4.2509788618991475
3.575353448794783
3.5862549415511302
3.520002360992102
3.534621921475636
3.8073810101009338
4.104393650855474
3.503270856268521
4.497025271263411
4.200536649688738
4.22843123269971
5.121194493990977
4.0994071734172985
4.685359764326994
4.596693560492883
4.531895254190178
3.4769215410090757
2.9543927967287376
3.8469843431641904
3.4557714310532965
4.630702819124106
3.641896365815486
4.2641870197194365
3.0561464126501523
3.7077895846393742
3.903914405416983
3.94947983875572
4.189961510565864
3.671047227261512
4.080867391160303
4.000665573119241
3.5739667726067323
3.475100234667724
3.3312458559936857
4.148553393066404
4.565152501441039
4.800992066569644
3.247038512806713
4.145902610226581
4.035108179134424
2.9731148289858265
4.268674137841067
3.988620837464944
3.4549757442017044
4.86287232623891
3.8453503349585114
3.7597156709219153
3.7627111432806912
4.246778157993976
3.3823770786368383
4.159332986420179
4.137602641109353
3.4664257727477925
4.105981273284572
3.1815035062540082
3.5022630229147893
4.613526059571571
4.269353497729868
4.040140892145927
4.764610314798125
3.3368851863471662
3.174943256377748
3.071893305756691
3.427657223808898
3.4827129584598584
4.180412561604785
3.609503130016978
3.1389582458085115
4.180781429998098
4.140201978219708
3.9413932082843495
4.475665397109612
3.950118155664794
3.580795888868969
3.446728851006297
3.679077506345683
3.659768929717852
5.034811350658182
4.214521114352233
3.0363127325566803
3.090921749550615
3.602651154050428
3.9924124065432967
4.343053151621693
3.7509182668636467
4.619133245391212
3.943735475503118
3.5826451465567146
4.506912329998624
4.403695357938111
3.265751117746131
3.882279430426154
3.819153918823064
4.16765341993822
3.7095240620661993
3.534840654345433
4.084246888837285
4.911596817000244
3.7742370460716734
4.529726121273464
4.199159471241256
3.335838116137472
3.5788508633430793
3.16647587455036
3.511946192111875
4.010051906713515
4.057780702057566
3.6617829405037474
3.7182752466400517
4.160281107247466
3.3725175998705925
3.6939883140128353
3.7085443511254397
4.111431593130746
4.665617705525932
3.365158977084944
2.5262570856367197
3.967398558305202
4.301788489479864
3.0450940445199395
3.5160996702924985
4.41214008083604
4.219527346789717
4.455060810104165
3.3471914702450283
3.131464971169352
2.716664869700768
4.277191908386268
3.6969937409583205
4.045384706824393
4.2172090692231325
2.963029345610137
3.9470542424652915
4.506961164590396
4.225139013140558
4.174067139828213
3.899909878433
4.039951874785602
4.086891103046951
4.181395222416613
3.4063008775635213
3.6745132153257103
4.767743751004169
4.897602098878741
4.224992109135443
4.029304625859367
3.179556993390963
4.186747744228791
3.2135995493167404
3.2939638198608843
3.3348495787740915
2.906051691025324
3.6001948693868964
3.5936880592239326
3.0800620484916625
3.465227874599662
3.8330206501287125
4.848697979213194
4.1538490234555026
4.086021070051023
5.029026755111903
3.441227885379901
3.551888699843636
4.17661645353866
4.067350734541452
4.075970690208309
4.184732660931449
4.45648962266063
3.876027703702947
4.483178387555481
2.9994191498888596
3.7853802383907227
3.542381355823478
4.159660365951594
3.5612795713868866
3.337012835586352
3.5184639130398447
3.69830390031323
4.254032331219115
4.329974741432045
4.357943418942202
4.445245092237518
2.8151097461715255
4.235234761990772
3.9843685014317054
3.4700716049585045
3.792309908161151
3.5802959841492243
3.5275811318354933
3.5028120402361904
4.174006772891545
3.035656670991161
2.8878868126501596
4.134023206598323
3.777328240569942
4.146500606630205
4.29625884929968
3.4934934708521412
3.237173766545002
4.752139026922925
4.010421203804887
3.6778827696588925
3.174420788992853
3.3295191872414116
3.5880129114314236
4.558850841334659
4.36473398471436
4.561641860958114
4.030000284575662
4.015730365734121
3.428813363644956
3.8998844313831666
3.779848521759798
4.044217828604647
5.131011035975628
4.0923658136731325
3.8677928443930836
3.53733084410972
3.5605023142862344
3.803804187749929
3.011352702561148
3.549976742112469
4.533939407718235
3.8401231112482366
3.8963198598401916
3.594655793865915
3.5859761886168378
3.448783070605084
3.681563084471173
4.228311926445649
2.611863993728395
5.755876920703324
3.872034026196789
3.5043592220263857
3.576262319059076
4.729255775128994
3.910433698142269
3.6774718716963606
3.477662853552962
3.481935132839285
4.403504686242634
3.4389527476642803
3.513752601079722
4.191168155632442
3.369980848044265
4.291304128527003
3.7062023217651623
3.3544097160264865
3.905811221185484
4.048504721094439
3.8687487674279564
3.133404481851987
2.933387847145843
3.8106910092950828
3.523680905602195
3.5409863588468333
3.9385044570495165
3.8195216100505345
3.683397107663796
4.174555736763265
4.716720076842002
4.872413226792748
3.1453619513503863
3.788761656142691
3.4074872602758113
4.056794095504653
2.8279269258413
3.2664024564855088
4.022519215304119
3.1170051551507543
3.038571764347402
3.6477155276280033
3.3453589683618947
3.771575411060531
3.6787729127083804
3.419483320876818
3.4937767958072405
3.948323425505284
3.8231515344440328
3.7911766879213316
4.122265772317379
3.0474774344863134
4.142965878671841
3.330099113003052
4.522773531942061
4.483870710570626
4.0111185593689225
3.4694688859640275
3.2744027694497344
3.7652629089137775
4.592545375567886
2.6287189436201057
4.291002537578638
3.214520189439977
4.041324651279255
4.274118299997719
5.060540037012083
3.415815921504098
4.177146702987529
4.299748332188389
5.101137052951169
3.503648560612041
3.6108646080508002
4.382908184084522
3.528694530954975
3.9204570978907736
3.346933851246639
4.655369208249096
3.22688431853107
4.10249056772117
4.67076788652039
3.8411653051840506
3.877017805418511
3.492317770156598
3.9327680072323514
3.197058132590783
3.522197244141957
3.5593371349512744
3.91596304422975
3.424719274503171
3.68006779796859
3.7640120163828374
4.4363818606031025
4.058594791145086
3.6062960386253153
3.906329025944791
3.2880691280594885
3.983600306762574
4.426061499029532
3.265899700267225
4.186082384296939
5.248981768225117
4.0363320430255705
3.663896129105281
3.7682527351374904
3.409940254719357
3.6076219283365374
4.500780434739165
3.771284719651846
3.067311202414377
4.059030968156092
3.5389262357448334
4.444735020605565
3.4086047926741823
3.8710512750285213
3.6789193928367605
3.35557953094472
3.6110170026834463
4.001524596973527
2.9867643664358132
2.751539636354668
4.051122063558267
4.312534250487365
3.1367690905297905
3.1988903403009297
4.722278072641596
2.6989118579791804
4.116917811214255
3.9651024750302493
4.5528923513497395
3.443822397177573
3.702845985616019
3.778510536402074
4.1615950763103635
4.355152985887916
3.8172171038976606
3.278740488326338
3.868683176400915
3.537030448058864
3.067734156573759
3.8619660614402362
3.3695637838357904
3.3340701172655556
4.773239283495725
3.9811422308680133
3.199119220819047
3.278200201607863
3.9458084394445176
4.370918667289125
4.120753502373553
3.245568952732562
4.681813902035735
3.852058117375152
2.7537384112991483
3.431103933189937
5.135283755733412
4.157496649700594
4.123101717191169
3.9314460476104673
4.179869683675649
3.7647826741044472
4.645551202136649
3.7657621528265492
4.634854461955484
4.701303980862178
3.914198604951917
3.9436167407994724
3.443774231400818
3.0832959074126007
3.453719458076084
2.6406411771436424
4.4460259748553606
3.8786777393815455
4.313983362209384
3.8709537360266855
4.008252326240023
3.140104665136726
3.117974704761789
3.2025768102583645
3.461898928441476
4.132868612426974
4.206850537541423
2.975261111861058
4.6049857625672095
3.7048756221657166
3.9590272960441246
4.038009569741292
3.3081279601100633
3.5234242480631925
4.215464468690539
3.163268877128062
4.328285752711627
3.8345129683939025
3.62212196778921
3.684143764119581
5.305225178001526
5.003460488590393
4.009211954915822
3.2554792403087176
3.481188652947165
3.587877679837506
4.167702040673135
3.8088695511139687
3.74222537200319
3.9664818274782356
4.990041416345242
3.5284910454105454
4.647761593107168
4.04192429511498
3.174683680080549
4.6577113584913805
4.904966276831567
3.791276834330349
4.235722616505201
4.064971028441368
4.047905807598264
3.346402561245909
4.316610753023275
3.9329486331871464
4.306111963344486
3.7793441319110883
2.9079962241214288
3.6708053585202562
4.628965614479346
3.9325573209048423
4.137300465217723
5.315124905146832
3.5012361775534586
3.645475290802923
3.4448516146040444
5.27667216627291
4.25244090643215
4.021903352274948
3.779786046501927
4.722742107886876
3.5705815157203014
3.708428456116332
4.346002279186085
3.6218891959391573
3.7175433530756923
3.37936112881272
3.2938955172099216
3.2235352464737677
3.6239064810397097
4.4307672872145965
4.17755673241718
4.227438207398957
2.8548950729347373
3.4568945637558026
3.2028761018035126
3.034273045183841
3.1582337328998986
4.782768245242207
3.5293023566666264
3.767242664458956
3.1839579162182536
3.592014211333783
3.251769141670033
3.802282075635909
4.151506803071145
3.4696331224342294
3.319865279761635
4.352774661973914
3.805424116464268
3.1647646728529413
4.266130858870188
4.60513780550217
4.372883625446958
3.017094450165039
4.312275573651183
4.0528429352727455
4.109185964298923
3.2761611121795875
3.746206100430529
4.328456989772135
3.5597065280228626
2.9070370893930257
2.7014760355791796
3.742314074798816
3.3859522865578007
3.2800334297286873
3.8702968395101394
3.871167151266893
3.871892770235192
4.109534568962083
3.950590299145685
3.2721185549196417
2.997333697528986
3.376919639176439
3.8091416722833698
4.480438836207063
4.334471164698966
3.1976856776980673
3.9770294354550266
3.3591758663435463
3.5918416929961734
4.081232282554326
3.6541586001913497
3.1325434014414215
3.365452963576802
4.249843722519393
2.8630018964090267
4.064148851193547
3.2630513747168104
3.434004849189384
3.698287641614782
3.2804141300138396
4.111851158989377
4.125492625791091
2.5748243466076963
4.340147020364114
4.652985544806204
3.0723257105308317
4.5464716998517485
4.430338346450758
4.349505973299402
3.5410922271958265
4.5479367030505955
3.2343592931286835
4.581021249428638
3.531793667483384
3.402806110645899
4.332914189074545
4.379911849272013
2.9689403610925673
4.097087030683912
3.490256516276735
3.9852115368850347
4.14236502389766
4.983003969414544
2.9485890895016005
4.2979188534034565
4.723766064752248
3.5094744440030996
2.9822822399987463
3.3710639993652216
3.9888087221938844
4.473272490003274
4.279884844515712
2.871120799939407
4.090560084556884
3.214091767932082
3.586299283372262
3.6086218971351594
3.4928999231664544
3.8416901571159117
3.6338465099931754
3.313558540574059
4.269889604821533
3.6127528859216067
3.5951470763157363
4.5713792505038136
3.587810391083779
3.970051942542908
3.604994975896442
5.012683782037681
3.1869503270382684
4.079678917825506
3.5679755314926695
3.352989123737824
3.7581056422075787
3.361734133096343
3.3611493421375065
3.8646514427387246
3.311013494326192
4.179517950477442
4.049513260865854
3.346337787380268
2.8502041331338654
3.491040747192363
4.063991838242214
3.4247382888897686
4.091286488713673
3.7394832227398087
4.401728451856329
4.756404766353347
3.1435386588492467
4.539134037188686
3.474623728081008
3.0017590241810623
3.8495206522920897
3.538229773954816
4.020256554800009
2.635008751330637
2.500142799631707
3.6989309228575737
3.6350937442217703
4.150332110971626
3.393545846863009
3.3069691522118516
2.8363399732386356
2.9789705719172006
4.27724530936886
4.04517104978717
3.8862852644281323
3.1924152261616277
3.1957684461624387
4.099871393612958
3.7986544207927118
4.072037309950146
4.140527632562735
2.6656707417629306
4.005719403544703
4.371633069277116
3.740879956586868
3.383289278533907
3.673152736689427
4.409632719603638
4.501553967477479
4.203734510277864
3.864131268502548
4.306705807209203
3.7705575563341704
3.5974775580307132
3.408771602083795
2.6983546778224046
4.14329443460231
3.290436158781843
3.952177612548404
4.535431878473739
4.163022764735619
3.7180246198859686
4.226726129192174
4.167976652247122
3.876437376116191
4.399554792742233
4.598482167988944
3.0577499339593515
3.726912926067388
3.2865328526361632
3.3587940499168236
3.8547012393340294
3.8568059323220005
2.87365555417672
4.462592792190677
4.3074679348718865
4.463859310729774
3.83030967427368
2.9792071049400457
3.778416477436067
3.422857689530709
4.1676367417729745
4.215238187672318
3.6235986928558015
2.7843649504759385
3.949988380950777
3.206762842095183
3.917815238465392
4.240236908179526
3.5552858432560472
3.5015423901015392
2.9594704288982063
4.897164205178922
4.740171886524645
4.251008372347559
4.707561665193409
3.3447615293542063
3.0918294950609297
5.031675518377936
3.332202370762588
4.222458637193328
3.015016146439323
4.121864970709623
3.1388895868997904
4.042988834014637
4.0904081516395845
4.092115762380259
3.375976606641076
4.243026520208531
3.451845665029809
4.057904057550097
3.495363977866652
4.4852752242660925
3.566230312819939
3.947309771394257
4.25012380149609
3.7815544611248972
4.616020220178149
3.6949577242852123
3.7069908886505605
4.735919642036622
3.3236698493494083
3.5342802555451307
3.8968381934369734
3.013881611622488
2.773984251582978
3.830191881956658
2.971914862735791
4.151883295468381
4.225692261746547
3.567061397458096
3.249034059655992
2.9911392589109718
4.513433404657638
4.449310939425808
3.0042661196081437
4.004472659827806
3.8796995642062333
3.851341511562267
4.926058820623518
3.7346353403190022
3.755945822443978
3.6151335770378314
3.9408247495620707
4.28702083515702
3.4206913162315318
4.115811494685177
3.9668949450126827
4.4979129656869885
4.453227579873824
3.054289593546036
3.444863444534398
3.6112979309439175
5.020406248392645
4.248223962677782
3.615705941169471
4.215686053405397
4.145974926163559
3.7678758999763096
3.7490036911837614
3.7300346660542525
3.3944897036908444
3.9837744175057583
3.512983996121604
3.7356581770801935
3.990123329457602
4.607064768775491
3.154918377124051
3.747973302450968
3.615315855911557
4.08343404128585
3.312505148381788
5.01473831801619
3.858467868525019
4.042952927147211
5.368719962046244
3.0126045505883643
4.325259438603591
4.845250601667136
3.683537079598141
3.4188377872753235
3.5433690321564675
4.931473780348795
4.703627670261893
3.288702829024807
3.134085340302327
3.306618169891072
3.809784374055851
3.756110000265902
3.348819238092973
4.1754533017487665
3.333364088992237
4.044648902400512
3.8211785980733883
4.140341385595531
2.9524963924773284
4.167044441047039
3.34285024384072
3.395166335830161
3.1107960532690786
3.60907387374105
4.678203577953716
3.5985486036237804
3.934453166080547
3.907411103234783
4.010382621176414
3.95775387131058
3.0211191457603115
4.031093142074711
3.7011469358353457
4.237488728109191
4.36733309141147
3.912539390565058
3.2367468118981635
3.6322795930197884
4.151597021028172
3.771413305837519
3.0761432196147047
4.602123467367918
4.128176479073546
4.119126440169299
3.769410424798815
3.86513130589825
3.708227803542939
2.8135258718407488
3.911652087498637
4.243780561950362
3.234928197241921
3.826464629213492
3.2902192345596055
3.484400598590376
3.8097604915509757
2.974856861186191
3.1061885818832096
4.049784091722796
2.93951074647058
3.401341970680837
4.398846505946001
4.340543391307147
3.30172365918007
3.4307231829389075
3.7999642499861284
3.145184167163142
3.130182851997465
2.9562997590386426
3.294682255678215
3.576128381189098
3.7878474326187654
3.139850729789142
3.582181515084183
3.356914663184564
3.364120051529732
3.7754615042671786
4.794708838902245
4.318908723661479
3.742694946387815
3.3858770384694927
4.754874508754736
4.916403985977859
3.6161090099436923
3.9653206847742415
3.962215986615461
3.784684464885901
3.8972566256383354
3.7562945820449323
3.7232423887139956
4.430449175839298
3.1142379446212582
3.886604257736532
4.133525140313066
3.06782712226622
3.509638930153311
2.8651375338563887
3.5426732862075854
3.5009867124263545
3.1542094203573856
3.4231205687425703
3.471570540933971
2.8599968004506127
3.705632363688933
3.0119315193887592
4.341698295709287
4.751062419614692
3.682623424955725
4.218117193269885
4.288590482788444
3.878259412288365
4.416103273361217
3.4354742726248197
4.151072361938317
4.494318003039308
3.9563780673453444
3.1521034360829385
4.647260873932398
3.001533220401448
3.6817429082263224
3.799274557310727
2.8268728370209955
4.105542231899871
3.233510827348428
3.804722484515521
2.519458931326696
4.470298369218447
3.846170790058015
3.701333056382455
2.925195158401975
3.4893014907963713
4.729358416647662
4.12639166755597
3.6387325126857086
3.681115119147654
3.4579554170858797
3.4846123571863648
3.8338232557309295
3.481903611625469
4.246670672551068
3.5569737251515834
4.07323660071776
3.989917995168706
3.184092904858625
3.7862828298465026
4.260319710871977
3.816364427238772
3.956482888088744
3.1303834201148204
4.161007806281107
3.9961666871735666
4.18150429438556
4.0383964125587655
3.643932367716626
3.339810944601236
3.819060896937628
4.786330687688738
2.9528443505040767
3.6568048707713863
3.0188772161245363
4.404384005829953
3.734357780734488
3.545713717969985
4.308454124527674
3.8619517419889084
3.3335168479711212
2.7892754106985937
3.7312149435694373
3.4335070397489313
