y_y
1.5961573457353346
1.9096146637821025
1.6421699358302342
2.4681393264219897
2.534325242525616
2.105829619095937
1.7993920898209756
1.8591298804238858
2.264125966484228
2.1903026996432664
1.7445685822901102
1.958045500322545
1.7332552844683389
1.6593911643094557
1.7908421501326468
2.0396404176172203
1.7192194057811507
1.8495077701953866
2.3866881996147984
2.1132909197771252
1.9942264486805263
1.7339837430804703
2.1107714302656366
1.7514014681506533
1.930207907023986
1.9787982141677638
1.8148338116952054
2.3518538687856525
1.9844790129817813
1.8313990516461034
2.0608577064709053
2.074833104157706
1.702097686009879
1.5365297694426958
1.853431568165437
2.231403513634412
2.650271449328992
2.360765125481334
1.7262337824056713
1.6499653276202904
1.9397689038644752
1.9900610885791508
1.8226659977167037
2.023543674084061
2.0465398746946932
1.6161749534198613
1.7970576138510312
2.3290627268788198
1.8008380892187086
1.9153978167397345
1.7793137236703858
2.148033206953771
1.5353691786225365
1.7386699031568966
2.0102433940930755
2.225453180878918
1.7800759439731457
1.790702317908978
2.7143157555620983
1.9955147402690794
2.384308826323226
2.329596430669235
1.9733263542031847
1.6891480676601867
2.0837447503121846
2.2848922724493166
1.9632608571687045
1.8445826819210314
1.641425884121412
2.4879071034731335
1.9266022875075466
2.075524044140881
1.9791711218251098
1.8158263899948692
1.5636088226052203
2.036777638860835
2.7427196350248337
2.1569114077914056
1.7636214524996172
2.42480445898487
1.7875738962974002
2.1919409048178666
2.419808459329958
2.274725741701018
1.9334622159748591
1.8246288640073607
1.5738192436598004
2.4927104896206105
2.081912100846451
1.9166468651790602
2.1216907089836914
2.089736479973193
1.5359639260934699
1.7923299932603194
2.3698759133209992
2.083432079806693
1.7568716633827455
2.1378751385593238
1.9359581715168153
1.6871379366111432
1.8048762235050653
1.8312742719315462
2.1214512717201686
1.971506070378294
1.636281278291132
1.8840228261325163
2.2830376686163043
1.788731661065014
1.941405059186502
2.021712906531715
2.3653507654866863
2.3945598334924516
1.5291942479364247
1.5888568570911823
2.742575314057252
2.5257560831948562
2.1710293142520203
1.6315761137460751
2.092418651679171
2.2016769311656352
1.4790503337045644
2.5761512375208393
2.0143768732056486
2.060467798587978
2.025568014959747
1.9048477627649592
1.9606635600876314
2.4499670911739893
2.7450633821777144
2.2202369474898376
2.061126648155469
1.93540494646093
1.837832935414378
1.8690895217004149
1.9112992450667845
1.6256308116076503
1.9403238637498528
2.0767077781644763
1.6844528899788858
1.952531848614859
1.6391154177795926
2.0072646964844663
2.4726759832457907
1.970872405444842
1.7790616615802624
2.049219951006583
2.0917770442677375
1.9510448081016534
2.199572935569486
1.6322409067752557
2.1173847078577808
2.184291252995956
2.3025951012045027
1.8885605226105946
2.058641756495662
2.3427706496485334
1.7952273171614883
1.8289630240489185
2.338685828498761
1.7371055255791563
1.6699403868653164
2.0743769884043504
1.7442820439579607
2.033162354086478
3.560300554841222
1.7580223864870417
1.6269584783196538
2.2724253464166893
1.7337675883528998
2.052443110747703
1.4307495551293723
2.0183464000544977
1.9025565678907235
1.9466772117857258
2.301732521036495
2.0485729560377117
2.1566508967264184
2.1482663668622997
2.19332635691732
1.6282087095003739
2.290755364186333
2.393491199133208
2.0781699727651617
1.6042012952466222
1.8920794726213612
2.1537773962827975
2.0521687350255946
1.7078377951303483
1.9402449513948288
1.9241967527239152
2.111876008393427
1.7497661526728907
1.7735042419217126
2.0279601879250024
1.9128516312842962
2.145209474476766
1.9067717973515017
2.064031583903858
1.3642752069753892
1.7102631162892694
2.163935814972096
2.127206746289319
2.0407128856131016
2.0008694685617456
2.0198209446152995
2.8138079659701978
2.3065071608416132
1.6480807243808542
2.1527826402721697
1.5271115044026216
1.9389677529574252
1.7988741146228469
1.4475968702652513
1.714601836886575
2.5681611824473176
2.035067388815136
1.5081472435948309
2.0930788839346954
1.9348237523290144
2.0117378310185146
2.15520923679476
2.033599254378603
1.6853348310150837
2.412338792580865
2.171450669856358
1.9816897316446294
2.113031264560275
1.628854522562734
1.525899677353951
2.033458699040268
1.733979632809965
1.4208808545666272
1.8813562548194402
1.6976877632478113
1.821793490364787
1.7541005202445092
1.7129660864633707
2.1975747962424927
1.8326343548280655
2.3476163853155865
2.067589345264641
2.84819646871761
1.7334073776840666
1.8141449016684663
1.8536269049382132
2.012344038522341
1.440196250560986
1.9150148735321229
2.08543486706642
1.4888950980575235
1.9510175541339623
2.7190290765912453
2.262484915360297
2.264167754209615
1.6813333243987356
1.4340633712801012
1.9657263743409792
2.285129442648209
2.0859534545816283
1.5042665807480213
2.134018955867887
2.284393471818028
2.4899245938548957
2.1988047987072004
2.0181820824685825
1.6393766451844114
2.0204073054848504
2.1220036336036516
1.8118565552262196
2.22949958514243
1.6894015849281583
2.0111789620490494
1.702508589969763
1.6082667561176591
1.7000322657220752
1.6336714045512981
1.6927320625998157
2.424521294971455
1.7317468275528796
1.840319793134325
1.9526040928902986
1.799771368814515
2.297315629869271
2.026273063704321
2.1156222778914127
1.6487854104447384
2.083710708504428
1.7117947582031876
1.9501983310996374
1.6027055717071632
1.7694151082178862
2.2709940457771496
2.138135591329242
1.7774324172360527
2.554255113470553
2.362918425195332
2.3757529082576787
2.1901202647894924
2.612820420082496
1.7810122096512064
1.9209544949010224
1.8850243182084674
1.7107541259544214
1.9144862123550745
1.9964195669861218
2.823778852821207
2.5388611876555642
1.8342802330522854
2.5271390534590563
2.7092971724281822
2.677427665094306
2.205604748695665
2.5040152224329844
1.8514469463389933
1.76088872914527
1.5186068264806918
1.9084130636113417
1.780612163324792
2.019720504719107
2.266217048419011
2.272045396723908
1.5570283936609224
1.9536558679848326
2.0704980389641467
1.8523835045638148
1.8988880068784644
1.9624119234388624
1.8797011752675816
1.7532199621918134
1.8690266905910893
1.8043994422644751
2.841487327396509
2.1416285266528177
2.2224576515618426
1.9403906400123763
2.128281761348545
1.7753367349411324
1.716224164402331
2.0544826784719294
2.228852690534323
2.052677135949895
2.036329782868543
1.7701359987334317
2.7058815310580706
1.9986342053767656
1.704470074997805
2.292162264149879
2.58513463865662
2.438531261811067
1.8489875528265942
2.0790343815757177
1.9117779110965456
2.078716706243121
2.2866963139422536
2.6226263529982035
2.208297365330176
2.08578922708266
1.702869948651209
2.199158774376805
1.5903525312102866
1.6691662277327273
1.8819370816076937
1.8950161182762237
1.8071690458991747
1.7058254543878941
1.9681045144836313
1.802378368382697
2.0468014704442883
2.353690846177586
2.036361854918768
2.5363180420425615
1.478733958569967
1.8588611180490187
2.666582755156382
1.739865653381948
2.041184073423919
1.7308674592468583
2.0804055982233476
2.0182449254693204
1.9967208626118214
2.310943364302067
1.7868988197205233
2.0429139455419474
2.4425414193675166
1.9843715957081114
2.059294392878566
1.6757044919168167
2.238217180061919
1.7896431130991834
2.018112134799735
1.6070238318658119
2.39705212292524
2.2262078376708203
1.77458006333275
1.6853050031025572
1.7934805765172999
1.6771238104106556
1.853723049663252
2.133270044977914
1.482008563808487
2.375983845314775
1.9806331935149313
2.4984688668468373
2.0088751190274556
1.8555578801140638
1.4730951973499915
2.2893405007009804
1.9270826969749715
2.516113493164738
1.4648930443541832
1.9980087606595918
1.7383535201742566
1.7491335383369164
1.544926188629703
1.8106681417231363
1.764995990520571
1.9227645582468784
1.784759872658599
2.0485673422706383
1.9071610705080797
2.8693813630194343
2.1221721252000267
2.2363415671872775
2.0598851997441203
1.989206152739344
1.9028340410919224
1.812188062936116
2.0610360040077107
1.704153401708234
2.399138142637822
2.5002329333548956
1.8053855326001171
1.68878126290247
2.0044211473002442
2.3733721126793874
1.9302688629194154
2.6141296988082634
1.6364874262644482
1.698487047701912
1.9144994663343615
1.7707500137787888
2.062641878953425
1.6836645118156994
2.3803881935795057
2.127933700481939
1.8187109667485017
2.104970468335618
2.027396314015295
1.9966057205481598
1.678561745122401
2.083154136528826
1.9060330066687274
1.5486287936045013
1.9942332027081406
2.6161035198804057
2.0957812420841577
1.8524536055247678
1.9053195277449941
1.8713193859827708
2.208635751287235
2.608460141762089
1.8425003237150477
2.643150778722699
2.216257590216324
2.031480976030681
1.7897909539829924
2.0839749426325516
1.770994043430988
2.582153992209237
1.7063368081335746
2.0627975902283446
2.0360032523522147
1.796234731518195
2.211108082800068
1.4937089267086472
1.8793872761711643
2.8053639702738855
1.7001379582561282
2.351222886779867
1.6966720489720315
2.0445936601135704
2.095474428426376
2.195388695651959
1.6699015129221393
2.130813948906586
2.293419499004661
2.1252533667184097
1.9351864888905554
1.4332182527396615
1.8340912514215884
2.633516711213459
1.8725721155424497
2.5090348608553437
2.393291099797176
1.414836080850904
2.320565235814089
1.7913718121714406
2.0973823795089053
2.0912329342306184
1.8238889084998022
1.6041896609087478
2.656866159049261
1.886522453995054
1.6447756211939735
2.6834782919438194
2.0117368712181514
2.221103925078121
1.3931156406472045
1.663581364058113
1.729164309016024
2.167564746580378
1.8080769689725067
2.2689241487209153
2.2434762543914735
1.4083003559227292
1.437737556112637
1.828010867886068
2.0729665807525244
1.9473660702582531
1.8645534740330985
1.984288017916121
1.860914153873786
2.3699326515944814
1.8673023934260822
2.1167396258998283
1.955896202207014
1.846878017332452
1.6439437105502674
2.1772179291439815
1.5819890607800495
1.7149943537215238
1.853972588756163
1.9296074459887067
1.5726920916379319
2.3620796648478297
1.937879307422645
2.2259665350516475
2.1441771323370515
2.4662079116815874
1.8411716491707066
1.592941574722904
2.5018351124993785
2.2345394358431916
2.0389941205886695
2.0791727294095907
2.070341867692399
1.945653240225897
2.0809761886092812
2.2512313677314197
1.560347379983007
1.7572253853288375
2.116007848295643
1.9461400971805278
1.5690939509166548
1.810198877598325
1.7990016563643352
2.3113745750701296
1.8950573283383492
1.5800283535191524
1.8904250101152205
1.8507874150570396
1.624093450322881
1.8619438405040336
2.321048884190671
2.027926727961395
2.6170345497473892
1.993596534370849
1.8077724181653774
2.42468248739982
2.107343998105202
1.5979241184340038
2.205589511065456
2.2265657299381134
1.6040828064982973
1.6298961794408584
1.52546174053373
1.8401140297119405
1.9745661423673129
2.1698462052471954
1.9908561561876896
1.7625194757657907
2.2498321236086496
2.2848605904111667
1.9785028668494438
1.7514949216102196
2.184853514166509
1.9187854885076046
1.8780077113863034
1.8515520666013372
1.7210180171041722
1.8561302825827528
1.8398871038772409
2.1356807111383866
1.8623129598039156
1.9714965103461857
1.8350738114471021
1.5888440436992237
2.348080166580128
1.7878106456961795
2.5824352091231884
2.0812776823915176
2.19838580808814
1.780355162201063
2.19405795093747
2.3486726975370162
1.9941438697341576
1.9192820622532096
2.034490704143602
2.3594135572797184
2.5803617267282988
1.7598209120688006
2.0818998759908993
1.746570109647962
2.4597809740931607
2.0431586924958087
1.7894422483353394
2.2425630898329554
2.00086381524539
1.6985049453385592
2.126208763223
1.321875715688099
1.5491915753289973
1.6775107897495785
1.803053726726039
1.9305899548822232
2.1141689917228597
2.129189446367053
2.0002604693478054
1.6905872381467262
1.9209507626494853
1.3818621718105377
2.1011758720772424
2.4538294740038267
2.263233308597543
2.112856765949774
1.829161176392712
1.7481207617177303
1.6863160086971276
2.0319116953069556
1.8269578556889658
2.0636690995284943
2.3110583828026003
1.6832447260452856
2.1737959357038132
2.4909470071214663
2.3166965004624047
1.8422606375386237
1.6100915882439568
2.6585162456729514
1.6911219723745592
1.9936835529682162
1.774638747164799
1.8467602731047803
1.8424997195463515
2.5403767742421164
1.7088809327562247
2.674418145886713
2.2126750908073274
1.9720427202196087
2.2169964335406704
2.1038651584513546
2.0237543440413126
1.9836726218151266
1.6224811339499223
1.9001544192069795
1.5543856708018602
2.383311011665923
1.8515172174107393
2.2987052470902105
1.6210303183238775
1.7186848378962534
2.2031527812955467
1.8093990971277787
1.7655348257697783
1.7668788611382351
2.2234723654719506
2.5878449409588096
2.125917328085022
2.36379766692655
2.1706205479874243
1.8109880047237932
1.9565025929314908
1.6759891463349432
1.7229505622637427
2.7102239955101393
1.932024849159807
2.0543205200907138
1.7781839080681876
2.2383895144281283
2.1987724405409224
1.8485093358759142
2.202584978826438
1.8004620649902827
2.672840844149452
1.5965690084884836
1.7364719115086775
1.5684596192478086
1.7758893101846653
2.534019159154175
2.563937697546772
2.1746881405288008
2.120404542819996
1.8400605742740253
2.551123406509946
1.8962881061866048
2.0718001806443866
1.6565387416558361
1.8223796674372936
1.8493410690924807
1.8425322564961717
1.6670653132785607
2.226759502516792
1.5996853377076918
2.07488105512811
2.322199833587535
1.908851499554154
2.2219046283820543
2.149894600776154
2.3077518512355355
2.1558022797683978
2.1032667958736235
1.5940363599789804
1.774432348140807
1.8674861160706893
2.137652481763562
2.0649868841606542
1.9631645275431056
1.5574720273898524
2.44737787880702
2.122735881496694
1.5237101135034805
1.8911264175865692
1.7749831597969135
2.210651692380013
2.564724148876105
2.101585819642161
1.969513228997277
2.5991812675996595
2.302881420266191
2.16404898224546
2.1680249354110726
1.8842516896731212
1.8606033561484359
1.8313866319508025
2.224129307955419
2.0028387366518756
1.7160143989042618
1.9558220499713717
1.8554998168633803
2.077456718468431
1.7665377982989714
2.016637265102274
1.7813039978634786
2.056552199016243
2.069193770956825
1.931682062348782
2.3428298851881597
2.1367554203120815
1.976582231287009
2.373904819279645
2.1470377418613387
2.0574122562070287
1.6859988900237295
2.3620163918015127
2.0453631211685095
1.9949478864926153
1.8916239695999595
1.982385107721594
2.325066221329318
1.6497335238221285
1.9476589420616253
2.3165448380272364
1.6754547215093194
2.3473176497133275
1.8939459835904808
2.2862840977388985
2.282459567557993
2.010192076073564
1.766239525764802
1.9164936008564468
1.9959864755839123
1.829157428330168
2.1095026180830616
2.06287998150076
1.5722760112698635
2.5710159597601527
1.6640203126566278
2.347213000080046
1.6381616170545927
1.7026857509008795
2.3228943741151125
1.9844998283408897
2.113299492863226
1.616707875196038
2.3517793701812075
2.0473145545698506
1.9312071366013241
2.1146035495863886
1.482794848443234
1.6348278188448861
2.012862429328179
2.0337566977078265
1.8042972760368814
1.711099625122363
2.534532990364972
2.4478321954025652
2.832245150582317
1.6482091950887066
1.9495972954523202
1.984275953378153
1.6474511484611403
2.0615992919299084
1.9989423225247576
1.5239707450079663
1.596318492822904
1.878044098514275
2.6072651711680517
2.8399630329917747
1.9231111348052021
2.495114686208997
2.1506410223943773
2.0858344393346244
2.4289290984901455
1.6676115746881488
1.9032379897444407
2.4269342314687647
1.4615185353220042
2.0563408637595453
2.3965311376977203
1.5682553926408849
1.7453938213450524
2.0423259022747526
1.9075919908496926
2.071904269873601
2.0266277824814676
2.047002128824875
2.111794927353677
1.3536306060551617
2.382086910922281
2.041308127720641
1.9352351856161685
2.273943618255426
2.277524311822931
1.845502339628297
2.090622179015333
1.9563284586236838
2.0059134326159054
2.047705957103585
1.8428292278924177
2.0896604153697083
2.062846444754907
2.0332236441992024
1.655039731822912
2.191326336930929
1.6979065768371058
1.679807213880776
1.939862774800765
1.6067068703014697
2.186115823481293
1.9802959912511557
2.008681656518323
2.725785410403747
2.501674898944109
1.7963507874200484
1.5934655119168297
1.8699831519129884
2.0249630927640037
1.8704820540188565
2.74101713213422
2.1838118089568064
1.6192061249422856
1.7391785517911538
2.8340226937026567
1.8464124887879108
1.837404632907606
1.912682015078162
2.157467800791456
2.0163030263741226
1.8488929942579269
2.2584453592386113
1.8808573572436167
2.187438045029928
1.8933479381458134
1.4574667860489183
2.0788088858909637
2.292169778224645
1.461548423318686
1.8075614692666682
1.4130133838894725
1.677727052433913
1.5670220394589767
2.490236509353389
2.0850214571806083
2.463840132339278
2.0273584531863778
1.799982621528311
1.9335271630239252
1.851155530720968
2.2619294730512545
2.2419501018317827
2.4244973405697574
1.9061365463437179
1.7974820429443044
1.7157675300544553
2.056241890352913
2.476562808696649
2.0615636157740895
1.7739494445567285
1.7684701615793987
1.9405923382009527
1.5826449951846329
2.169882942113476
2.2958991064536924
1.7498351524594216
2.1238942881097818
1.9256988553477004
2.287957127886167
1.779343767698259
1.6808863807511083
2.161694675147322
2.2253934641678614
2.152585580328775
1.7244594709363388
1.8250802303875757
2.5606402062760463
2.1174244855996673
1.6140023278886966
2.281962950974812
1.5726194726630127
2.02741034424966
2.7147015382483746
1.9792875182005856
2.0505924528105917
1.9422785739158008
1.724599368137164
2.0701094718885353
1.712066762464051
2.208780027461042
1.8020745839792116
2.528604966361409
2.2952538507080598
1.7231782204627244
1.8340317001709037
1.816360884767078
2.192049608319436
2.181308360598282
2.3584581606103874
2.147643142634494
1.7881398815453595
1.8128824236109031
2.1544926845290444
1.7786884575366368
1.572098064553497
1.6770421490696557
1.528573037551834
2.185404567171184
1.9239023579772287
1.8195195908867916
1.6549796378354527
1.5049909452844261
1.7994992459018508
2.789262543478456
2.0374101254960024
1.8224216717748936
1.8052010230987214
2.3101209562303735
1.832177050006683
1.869085422313561
2.0906828212710447
2.0533256560996334
1.6251865755418593
1.8598809220004202
2.342178581157317
1.6071795839271115
1.49184922047694
2.047964298684481
1.7088160423457985
1.8071600322084689
2.331832707923574
2.046256746883806
1.8078387764915012
2.240364728653604
2.7978946536242786
1.9798866884618544
2.5252964816248356
1.5616033803487863
1.7068998446402073
2.2087509671105683
1.7127487304701476
1.7547593786915177
1.8559155497426056
1.4894442390001854
1.9238744552267733
2.3101206159825964
1.6615538623463748
1.833080929916611
2.1519365743197088
1.8459468355846262
2.275121522258525
2.2535064541904535
