0.01491945876987794
0.008858024386224654
0.17089275746957125
0.04968206617964352
0.08454999588703623
0.15293033414926874
0.02790618078758622
0.07149041448549869
0.007843959877393898
0.007629668637618918
0.07719392576123611
0.26621022331793964
0.001907887125703889
0.043703692742657375
0.04605845939505027
0.12649655463498177
0.11849251866858013
0.05186615554056489
0.05112658068316092
0.14447332931859597
0.23493868119723815
0.014114000348958758
0.0721327005470526
0.051148870169767345
0.08169979564654661
0.023692633148394083
0.2963307043448459
0.07421003337517214
0.15738399402824288
0.08838921764584073
0.017592797614141228
0.1950491190888884
0.04290931479192183
0.19954608672958768
0.3073315917496674
0.07798017445159368
0.020009043638214707
0.0003323427775816117
0.5241336948424521
0.12188233370051507
0.28631506195244344
0.061131754623942526
0.018312450332870593
0.07324412780364499
0.03990131534740547
0.011335258968454994
0.040503593296477694
0.34810467928778455
0.05681012714308338
0.25011299612813676
0.013541596129727322
0.043666960852543416
0.1490429214958279
0.2177496565262731
0.12850405618618918
0.042884850469669764
0.0041760841054146475
0.04693895243721107
0.02572366455591608
0.13300700011208416
0.24556359536908273
0.0007203504675202066
0.14128080439665838
0.060176335986851515
0.11181249695244089
0.25183475632508995
0.2109166039575108
0.2779735910558631
0.2533070692067816
0.022571937006725988
0.24646693232504077
0.0758686936474447
0.16454850000811022
0.18761245076089458
0.028798212539905676
0.05652190371431528
0.13646344576184327
0.03394271095502832
0.07326933798678195
0.07810470168053799
0.015181901201953932
0.04862466777480421
0.2156454726765769
0.09364625140766974
0.005188062497698359
0.035973249749948394
0.24989699349538438
0.09519501648173483
0.05223904403974682
0.10337736890196526
0.1475513034578076
0.019407839518335593
0.2520216655882334
0.020913332045344662
0.0810206059460836
0.06905863380270094
0.06982015144302474
0.1967453749541248
0.1327099509984629
0.0964390175861447
0.12273393402062151
0.012565092927321558
0.22486883598500326
0.050113265993477096
0.1981517122409681
0.05940967501166495
0.04528828576705249
0.22608310991405403
0.05844740898034923
0.0899006473007185
0.0866095805123798
0.11466391829837215
0.05397775045365386
0.16617910925095244
0.01715513179822853
0.0669591251361506
0.13695884849506254
0.11115768770194441
0.1015587552213196
0.11109595777711793
0.03255509185034475
0.1926663359521722
0.06942512682752526
0.12513164316792708
0.10401666182756387
0.10881443337352928
0.0966670564809989
0.005697013283886255
0.04600709471336262
0.10223912182565636
0.15174505746628444
0.016206186303633806
0.23665437043822396
0.023224904957045173
0.07710675346926898
0.09690505930609873
0.28862723313427346
0.01327333030527583
0.005114489030274276
0.21374971993933603
0.1276419497162814
0.08461581998833331
0.2474842656040403
0.02512492065354239
0.06890583617716656
0.03972591943345727
0.03845037087892368
0.008100971798011683
0.09094122231547783
0.20898102585717543
0.029607400992962985
0.020642163651787743
0.09116017829039377
0.03427141648533535
0.1202419762619003
0.03979611717943456
0.274674775401572
0.09295935573873142
0.40767409235395935
0.04811120222863123
0.02686445924276501
0.04437992107726497
0.033882182689628136
0.010088136322441259
0.21078596121104898
0.01628040430754757
0.00490349166768634
0.11015313972576721
0.08460742660779177
0.044803916935212316
0.1868743210210471
0.0015255615132571485
0.19903811824628703
0.31782871645937216
0.08359511237598669
0.01424480396377163
0.19284180121754516
0.45623400103318895
0.03776291674024776
0.025180991664681338
0.10073200722719669
0.09734566090696177
0.06733103416728839
0.22342276144495735
0.0007746087878007205
0.0233248671502598
0.023716048840583485
0.21504098121615542
0.22341199413929788
0.15034442342315082
0.03919810992072892
0.08865994594297853
0.030187166284896032
0.23155927965625264
0.09587195780471726
0.24897158944717887
0.038632937373624825
0.1167190239360746
0.06212189546527855
0.052885366689281156
0.16219063328027813
0.1498018682472851
0.03617616930009548
0.029610660160529587
0.07432249707433575
0.08765117210769287
0.031222272703654935
0.3135256963848338
0.10718576927868234
0.055925017159223135
0.01182400494416755
0.06848299499557965
0.17406198197769132
0.0891744670178338
0.034888053144430824
0.02873130653137962
0.22775634674323744
0.05661277270545359
0.19524888101996407
0.024705828964960676
0.02606249898021122
0.02622606480008538
0.03997317351498065
0.11574523900941992
0.1435806099500032
0.006329243699363152
0.1729531889134494
0.16481963034898653
0.1974883231121291
0.18880617459402949
0.2742736769565829
0.1853251358520666
0.13887738315519288
0.46422702171130226
0.008025606407935672
0.06631813592740257
0.10792301331265772
0.2934507955200418
0.09389069814895974
0.038870076667450064
0.04454139282577577
0.049001264398222937
0.06083982918524899
0.3615387995670294
0.12075782858006494
0.04018725525953356
0.09816527094235777
0.16438412749044226
0.29238193201697005
0.2599868979460835
0.031158626445652204
0.057810878012550464
0.012591148173407738
0.14737434496077223
0.12153104427067404
0.21110067422519938
0.07486474642435755
0.01135857558061553
0.056930200620201696
0.18371949448896646
0.02642013939112392
0.07286703223864835
0.0712241571462079
0.04496901142954473
0.005030160933041096
0.06971537203613444
0.11042704226041117
0.01283960775263925
0.19337134782527718
0.08138802955896454
0.027673901594110446
0.2996375026392
0.013702653052557731
0.21104433061375588
0.07556425962569559
0.24904365117653154
0.11714243530874922
0.09604231635093613
0.12090561311593213
0.01999197922216863
0.09424276810720275
0.13998142107134348
0.0035943098600703855
0.13824188175913796
0.15752932756652233
0.026425995093931103
0.22457471518914937
0.09433847272956487
0.15326915412989556
0.06740076390045245
0.3771803165468413
0.3026901769556414
0.025288177614588306
0.2548487746709934
0.0005318232841551811
0.19515057493228705
0.0017173427646196928
0.0058797986022411045
0.04050410561645709
0.14408386099904347
0.022080856702026377
0.1400394764136927
0.03376985495894817
0.13402910711111446
0.05711344365645816
0.04417057586951636
0.21505884087861724
0.13557453012318574
0.15268061931446986
0.0470203268385768
0.07216018155116599
0.030789288229102218
0.01781287136283178
0.1563718483009289
0.04849643303578912
0.004708065469801512
0.14166147031054432
0.0259446721884296
0.19214187481394726
0.31234531391958725
0.1123085384987425
0.11792290425878596
0.1942536982769965
0.528449065492125
0.08410757077984148
0.1890793228953314
0.0627276287590162
0.0692849552422755
0.0759829741197272
0.10007357327918204
0.01184269105982734
0.09634576710325655
0.023396716569104394
0.05137616768791805
0.16237503101471165
0.1780664606968697
0.09637382979128258
0.12433570762330448
0.04331691939153918
0.05457477774617442
0.16079474007030817
0.021520180747865526
0.15262287382707024
0.08014014168017732
0.16828282069487058
0.1614681612186537
0.07688122710405358
0.05436258012771612
0.12224504944133611
0.07084610339924036
0.280399004775867
0.0033916090174544544
0.2352048156386519
0.1603437431796022
0.04620587167189895
0.30508654956985803
0.03457043646149446
0.07515776893459723
0.028668630806875824
0.007682827970641121
0.15156984993382952
0.10525593064552934
0.05506750019468367
0.003819897812980387
0.4043268109663197
0.30067886695688617
0.1553654402201624
0.1410182194681844
0.04050228521914401
0.1599136691398411
0.030135622535105655
0.07491686971047432
0.22771172141156046
0.03770952374774477
0.048327091844584065
0.2527720458632939
0.020021071845995813
0.0955448513979169
0.27152656292592253
0.0894540412610291
0.10450759344954944
0.2609931878746827
0.05422424374549481
0.07179773789588025
0.08716164379133559
0.19801718781261562
0.06285135220199284
0.007352738460575956
0.08605203752218245
0.06182608339940721
0.11322598990645473
0.006956427920052635
0.11873542568609896
0.1950273395191721
0.13693797415285514
0.11741321190603941
0.04457700958997793
0.012608127370914058
0.13117856404246148
0.18371498758009888
0.2898750816252724
0.09787669616926467
0.05834001704279318
0.10493897555672589
0.04276169856013382
0.06777273110301253
0.16616523591995266
0.25294979361853215
0.07140932106211635
0.27280910357804206
0.3360078902075288
0.08715979754664352
0.26685133230411007
0.06717206149608992
0.11160441781599642
0.03414240486541139
0.02074889811929407
0.06609262645055454
0.03193411115269039
0.06735719394687374
0.3038883992674603
0.18950733406211054
0.17766079844326438
0.17737401983156417
0.1668498931531069
0.19561021351849844
0.07983845980366493
0.002794088906351488
0.22496955706069727
0.07627283941643166
0.04639333913958628
0.03122307636208501
0.20006606946019695
0.03914126299309902
0.005375510966792212
0.12428329818341718
0.27703576022296705
0.19950308260990865
0.192417872403627
0.050096249753003044
0.022572910984496194
0.023074008917147476
0.013329731321786536
0.0317327445957073
0.3554741762826764
0.10302140383429877
0.022181586510601498
0.2021593408282477
0.01685745721538729
0.032114260977674156
0.028573654927231813
0.012045090075259501
0.22415039953748372
0.14356239803762988
0.06261421590462955
0.029229864584682397
0.16710342780840456
0.2966847111784936
0.051931545081893606
0.04930522566999707
0.05854348958719973
0.3365471410095056
0.2047270432881366
0.1748393512722529
0.1239114977326153
0.10673102667103368
0.1612113665873678
0.09159530353348647
0.008397626041334708
0.11037484624977552
0.15145546453846243
0.2736095771202149
0.12873917568966
0.10728306050191821
0.19450322568268807
0.3199695725878619
0.014418326681018523
0.1865364522037079
0.01556235489555529
0.24800527398059485
0.0018977975723123437
0.0858241696294894
0.09226683347376263
0.16943937318442417
0.11807023389820101
0.11228863465701862
0.18395102991808773
0.42071177856992387
0.040927531794789904
0.0860487359138584
0.15035450645048648
0.09365539257564062
0.2961943247471866
0.08809435445129174
0.05810426285614375
0.03161019939168034
0.10990659383437666
0.22936239521258253
0.056212146518027625
0.08414732928131974
0.2581067026411973
0.06302695390579681
0.04382438454352429
0.1909786592377881
0.2518756449764115
0.08619334500204057
0.2676930712007406
0.01523851992492823
0.16594767433979554
0.030163972909080208
0.2677569534314441
0.002160271202934817
0.1978315953663665
0.12688476345372213
0.14793432099064932
0.09121425662147618
0.06868810265982234
0.011354666332666387
0.16594258390107655
0.017965703754711307
0.044384443997370016
0.08854438763295236
0.05762630450166876
0.2303163925513827
0.17880140910198508
0.020219952078761146
0.13774010933842992
0.009865358473755014
0.15886753554760397
0.053056617770183945
0.010008882016158472
0.004114540012673955
0.1313379945488925
0.07735151087121005
0.0692872367780775
0.1707161987167776
0.005263032569835342
0.07399565258633091
0.29497363892738093
0.27849086377942894
0.11712155283614221
0.11215540619811147
0.042047462324339153
0.004316908048025716
0.303233536817078
0.01845940753584829
0.041001672900712924
0.18492129712138664
0.020070363325941767
0.15040038913654702
0.1376864198430316
0.19133714357076767
0.05085590746664552
0.34730758562801894
0.015254020798574519
0.15052867258528596
0.32760073420212943
0.33418886887998633
0.16631264629759887
0.04250050352347998
0.21249329803244216
0.10452185927394819
0.4013007531189204
0.004357237849358933
0.11038833277845653
0.09207708961748644
0.010749982835356768
0.1368560890810292
0.026065124869957844
0.06340976220804953
0.22289716240001986
0.19764418742019932
0.12006346358313283
0.09456976602163399
0.012241860780076516
0.03463700137269439
0.062431431878578525
0.0021408818369071355
0.018338394039312932
0.16762262186801513
0.012531455532742384
0.06482608990906352
0.07209881731144734
0.12502197139481458
0.15549617869722246
0.1437969228041781
0.182024450215873
0.10859556169929427
0.2145744746881603
0.39068958473425314
0.06097697216315574
0.16095078127431386
0.0003665978257719335
0.006972344582332304
0.41055072202382575
0.09016481272856228
0.2124196621494027
0.10299407456166768
0.03961638499438582
0.00024898707081126787
0.09625951130029875
0.26990439931044147
0.2073433756523751
0.05144986623538528
0.0450450089801089
0.008781976698026075
0.055799446527524985
0.040718841163279396
0.1338558590188712
0.03506762899238475
0.028026292566616432
0.021192508435701644
0.1606257225887933
0.2682935822054498
0.10501787572230867
0.006586518557203272
0.03336639765054183
0.15939546411845737
0.1376522698434
0.11460252899948077
0.028189964062854816
0.2189823858913904
0.055781440039802566
0.026010296561826397
0.09772363600255736
0.028988980006261895
0.1364707868500735
0.16799875873067124
0.03933974173463412
0.019688879609075706
0.14760745048885676
0.04188029779543681
0.004811408976778516
0.10449528462194979
0.11936427814684661
0.14656949053123522
0.043291350031270166
0.014048382125789351
0.4009198780098226
0.07712120100153848
0.040542908953656843
0.11855367486395019
0.12620629812416287
0.016343795828733423
0.006381308553577402
0.2615896886617339
0.032183180983048086
0.2926728063714195
0.07316583600982775
0.17995983382085623
0.14144107111007637
0.09110666082643583
0.16177172310692517
0.04219606736910469
0.11499852484481879
0.07194086641039446
0.050141946962717225
0.14324463315449137
0.14458258824357495
0.004174354840590914
0.199209877202248
0.07989448966333311
0.015203697394223907
0.12792969453444927
0.0660820737153132
0.06755069447581273
0.010681183751212832
0.013526639886705607
0.050959925168183866
0.21808890273457535
0.3290927192374665
0.009928128143988416
0.1925693749957706
0.014852998228277861
0.3593989216870559
0.054286755479325724
0.033187378032442524
0.022823632328397833
0.05624485976721158
0.13738250719679673
0.13176422160471937
0.150981430110747
0.1800750774885519
0.16792409127754623
0.14786814317309752
0.09139894990986575
0.2310045030926488
0.0803032651223863
0.1194081344864447
0.15902288116348973
0.08170800039033937
0.02392030963223764
0.12974832967502967
0.20415684994422867
0.020446900242129883
0.12172832037246596
0.12936691061372843
0.14976156512791305
0.2090081744086166
0.009287284588887945
0.0699814528682285
0.1914309326827863
0.2588935793439321
0.33620863926127864
0.11964442379672681
0.11945805036016913
0.14214141908929434
0.031064517408956487
0.20781979922476776
0.004256106199299596
0.05979691453065866
0.10234437281431558
0.1188178045388502
0.21308496710239835
0.057561120716376875
0.03058828645453432
0.15465199593017775
0.08132346547729176
0.2479793946612628
0.005022592536512086
0.005823373921256011
0.1348610506287703
0.25237188391384446
0.135635063656341
0.008491723421932685
0.2497245512302085
0.6155041351893147
0.08758478330570207
0.03824102526477954
0.12165995080207308
0.039078617696065646
0.09647247525657816
0.0911151049447615
0.03556763065363816
0.10289364798487884
0.21295459549694334
0.11287820819199292
0.0043496660196984
0.15323355299186944
0.1602235351469643
0.11354947254701178
0.21239151535285553
0.13853692024319822
0.14595367725489322
0.1263878203490259
0.2841061069496847
0.11742863290368089
0.007647912970117329
0.18830128950975963
0.028680379385722224
0.20529194457502453
0.007758963020158586
0.23401090918248327
0.16729965357367638
0.03205184819708084
0.3272043445577492
0.08125679579072477
0.04748491247027915
0.10647695707938612
0.008598467337526462
0.004384751525492706
0.195788163997311
0.04554945266497347
0.0055721204016892945
0.21058091260001083
0.05800854905508236
0.08566272446549261
0.04290421522803983
0.08962651939605122
0.050234742548956976
0.29826955036131586
0.11540435367881431
0.15957252600335997
0.02861801095227039
0.010120686667424886
0.04435758652627489
0.01777819537224199
0.045921119264215375
0.08491348785984561
0.001975079169077293
0.04245619678211547
0.022947360080726478
0.04563170506351031
0.027866505912734686
0.07064394640494434
0.25439375366399636
0.08280465235721447
0.35943936302368096
0.05506766888355412
0.07104654035011834
0.02580150105701095
0.11229028744422109
0.1865978645975476
0.011039718244269893
0.02034923059672531
0.09835334031410721
0.22733165748631276
0.08256681988809271
0.3182159762988134
0.04914622901174842
0.017965675765556185
0.05030829742541515
0.08262249351771739
0.03166903454484434
0.3093205199241215
0.14029782520736656
0.1011695012222695
0.041681979349424185
0.12157780109904749
0.22684287538943376
0.03692684248204942
0.2916766379761362
0.24448261536209934
0.33437315108297955
0.167233578105602
0.036292703406699905
0.010774261576186096
0.09016123682904734
0.019900835393106588
0.36004668808136286
0.05764848033503026
0.14042708606552995
0.09291911159834358
0.15731581524706464
0.14494281190273114
0.033092007038862094
0.034608550988657866
0.28839904338583666
0.06926863832457039
0.01135708301371809
0.028101829490687433
0.06428637950052551
0.02909858785428828
0.06048365769261588
0.05411057024247701
0.047223830338188326
0.03631731105526332
0.058112962002595955
0.1001008602238377
0.02608930864949338
0.03554938402848396
0.07678914999372118
0.12881351116597475
0.07058551251538923
0.12441792480730991
0.06804019905838551
0.006442470123972296
0.01729087230457429
0.04452302278934175
0.004190728344969665
0.0046419947225135065
0.11203829460041229
0.07075650308042199
0.179168470085816
0.14349453360284548
0.10613005424099135
0.01468830193632272
0.10812985722897109
0.23302095698154637
0.12082560273671263
0.2732978256740123
0.058704459197738354
0.1084948855583289
0.08927466334979645
0.04898312954724297
0.11588556775219996
0.14108389800884075
0.03211823556855713
0.07737520024939096
0.0991443028478834
0.005651226534687737
0.06006894094065656
0.11542064653144615
0.24112487353492934
0.29743819025344276
0.24714710127747952
0.272552999505246
0.15972852259134368
0.22155917412686793
0.08618173278293528
0.1431552386472318
0.05473341920150139
0.14280703694316416
0.09389448170980513
0.2280867458502589
0.19191507678723077
0.055887949831586965
0.008198692360060492
0.052634732596436286
0.044504856966076006
0.18007021241506
0.048303714006795104
0.01727639341062719
0.020560869955868886
0.1056087401664728
0.04617566323924815
0.12693750589893774
0.05507670972652758
0.2874215628842474
0.12535635149799002
0.09220249522397964
0.03868310193719784
0.2624112650869569
0.03534529104043496
0.3447221352566449
0.06476106789660226
0.007297431248444416
0.10018014026110733
0.2381827417603553
0.0613564035238986
0.02345742027843739
0.18999763845642004
0.04472019718036376
0.34256766286213525
0.04595412255736373
0.13368112248232739
0.06949934916550587
0.025229983358997437
0.08191371493402747
0.2545804226207043
0.061892791909417495
0.012030438683999464
0.019371009947955604
0.009778272653003637
0.04903178858885595
0.09027748374847853
0.05170705635914251
0.2128984507370128
0.045092451018163345
0.057496809579594896
0.24166528351274888
0.0742946786517271
0.03390477313479087
0.15829721024188306
0.36056646036724255
0.0019548760976868798
0.04079242065648352
0.05552447731569468
0.17111670994232583
0.04528307713946135
0.00778232968214263
0.09703283312163576
0.024938897725152294
0.003065208201342291
0.0448101096863509
0.07784194456787481
0.22619161423625694
0.06993993842349056
0.0643392916288415
0.047791613275993836
0.40373552148307223
0.07582783485709484
0.21393103135787683
0.1597263281562217
0.07482309854264095
0.005363851868996712
0.06970156638637953
0.33423517272573267
0.027563716844127797
0.34921297185691946
0.042036777959797544
0.0767836249824237
0.12109053942977807
0.060723619808890655
0.027569990582915878
0.18565662906038805
0.003648186605135351
0.22640852918521245
0.03760595189752371
0.19837935188662748
0.14630269229071083
0.293269069160809
0.07048808844043532
0.07889468037749078
0.21024395459192027
0.1088940520380889
0.15785504383596907
0.037817793263668346
0.3818419302308981
0.06021088692971432
0.010772898320825423
0.18763895062289607
0.048369225170313564
0.18392400865414735
0.11543384173384356
0.014203221897172531
0.5073293601562036
0.136077969508727
0.18363968037082237
0.02771059615748917
0.0561013655665316
0.2842303706397882
0.1721029481728476
0.006538127677622236
0.20837384439796908
0.008069665212795712
0.02000148203265564
0.22374016295638932
0.13855820186038348
0.15391685289663076
