1.4579935513823068
0.7346578036323965
0.4508738130768864
1.6528792746997003
1.5430335364997387
0.5766126077059047
0.9667383981229519
0.6685608985750914
0.7746482533494481
0.6744733917546284
0.6462367583461309
0.4810808168261291
0.9876825720753054
4.6473048565762705
0.36267599065666734
0.6781215061625003
1.0609165831239602
0.5423452016833874
3.285700740193193
1.5863200473743373
0.972556537812586
0.9323367152371153
1.0985956975480213
1.0654956470655963
1.7472353976165507
0.6143929136715737
0.5317050046766444
1.199149463333783
0.9782462093537573
0.7562139737994046
1.1334690038329776
0.7869481191504667
0.5748431306403265
0.30260469278141894
1.093516734562356
0.5296423437820889
0.6722547510431414
0.6111939539406214
0.5174291855613581
1.21847384620728
0.814842374475904
0.8240184053541982
1.1008823649080857
1.2151941433738127
0.9295508868861475
1.1820391362535632
0.8233907676875971
1.3084602641466685
0.9185825360234745
0.477640416902132
0.629228410890264
0.8391885840797172
1.5083449413635863
0.6290779866930866
0.8270515270026934
1.150541631092631
1.0683657742906632
1.7602838859386778
1.0582812026504784
1.1475869492673274
0.8292686371841086
0.757235114479315
0.8643715489725857
1.1602158358771961
1.2449171594808996
0.8358163809158281
0.8971457539120822
0.5978869083114858
0.45266544617042237
0.37299028453336097
1.0334156807092043
0.6317155164771757
0.8387995170937981
1.031299824411363
0.6277022554420443
0.735557088567117
1.1505433732358474
0.8772056583545642
1.0066315643153605
0.8427384882361955
1.0257566675129635
0.4282941895806615
1.1095559338215113
0.5547609835481697
0.6822417773503269
1.1788025183994275
0.7708871051862338
1.3897511936568816
0.6585594975692491
0.5611324783030984
0.8663803746450522
1.0333566463071446
2.0288310667368297
0.8560463825306479
0.7400414065297605
0.8311946555070987
1.1420354600618148
0.5111790009124916
0.5891957773649223
0.5261059258622469
0.5069897010064515
0.8337574175430374
0.351054429512045
0.5943292120230443
1.0330415080222255
0.6150055680544064
1.13851712386202
0.46788072549982235
0.8617682047215788
2.3302897287078324
0.985406377156384
1.127404478843481
0.9071428148329597
0.5821139389570499
1.0847262940672766
1.1150556978839248
0.6631174458058998
1.0852523244101677
0.5180836198526938
0.48091196337855624
0.539518731439061
1.4709083748851526
0.6335611713941177
0.8129642042566289
1.7248806827598488
0.5741960426284406
0.7663016774098501
0.6374536185128842
1.1251448167709588
1.0990424325296102
1.024606931879318
0.5764522324869681
0.45866234745072215
0.5144657348960988
0.6861911548443801
0.6309799730673363
0.8918867661082406
0.6899737762118655
0.9617532239901486
0.46874080890288994
0.4975539869304004
1.0421995322108495
0.7426056983587995
0.3962857681752058
0.7495177720481428
0.6903367383703796
0.8484898717173499
0.5533366127872232
1.4134523213579393
1.4108185890185108
0.5439977838096929
1.1708027282155191
0.45369699553932413
0.7936215501002798
1.57914979453748
0.7013282433113714
1.328563696600991
0.6722327492998557
1.6541403426603982
0.542859653836949
1.2499374706620305
0.7139866015171525
0.9275983245722783
0.6949601337460652
0.6155112929616228
1.1514965799492483
0.83434230110058
0.7734433167130236
0.5588553437470817
0.5914837798403453
0.9144270661051606
0.5065901799558113
0.9967848235370623
0.9420134610078555
1.0402544199694588
1.1030694517038884
1.064534011721658
0.45301737975393136
0.5653293590060033
2.41051123989414
1.1334345075837458
0.4227673021486811
0.4342671534915519
1.2245424449252904
0.9099080099227458
0.6828371673719258
0.6793887552008023
0.5670097508638451
1.0835495076352248
0.4925185783021507
1.4678934347298778
0.7385824294403682
1.2616602101437848
1.6487295371438497
1.0401632838001567
0.707998682637413
0.8946975214771599
1.3494606858502118
1.9717394556157661
1.4898725461139277
0.7806750684544429
0.5020443745354715
1.441463769622742
1.32886413072512
1.2890631025359003
0.7980445412486391
0.44347661815719214
1.4911773493246196
0.5838714066712971
1.3874001934980782
0.8964693034063042
0.5221898638767819
0.7341229292109319
0.8121719475688932
2.524307401028865
1.3950406654805487
0.7266968388394438
0.5507116455406466
1.4826851712235647
1.071984482975814
0.4456882035923458
0.44244001090678886
0.8362300658748018
0.802401954410767
1.870334965374804
0.9624324443940173
0.6242688553026738
0.5527747061423911
0.9910196609832043
1.2181617913510738
1.237340807966898
1.4732672431543643
0.4006071887701741
1.2298959707268549
1.3222944596765647
0.9669550755060363
0.8719418114875026
0.6937391840065305
1.0745158068392597
0.8048166582791991
0.4575944918699104
0.5700563567307484
0.5105331986088988
0.7090213138521082
0.581907238960025
0.7838453829841788
1.1549051629767388
0.47322375391465055
0.8183080035264161
0.7377833895455461
0.9110428787781308
1.4002210035933411
0.5593431985278007
0.5032246960953002
0.7167484324066224
5.778058863647445
0.8802645928792019
0.6982630110742432
1.7023388929429115
1.1429554330022207
1.085945935356873
0.8632571608884918
0.49447922060930266
1.3937638035438498
0.9945202979262693
3.8606832748183493
1.2282353949733646
0.6747159654283392
0.6494026415817574
1.0760204734641219
0.7869682331393755
0.5906628073027564
0.8850982074816514
0.5943508350387501
1.0033608910278187
0.6478357221775536
0.8465754678551894
0.6375623339288107
0.582303046244242
0.8251129720339899
1.0349038316307917
0.8761843722260757
0.5668372550459988
0.9479004894049466
1.2010585475528126
0.8379828045427332
0.4987674689671753
1.0728357706628036
0.8213032530974405
0.6448859495605312
0.39648147756835306
0.5003995148054623
0.5938736188753636
1.0840234495094954
0.7402502266720065
0.5326788259565851
0.9134020063002487
0.9824089658253041
0.7274661781175252
0.5442985318393371
1.0078485947493963
1.018399758786942
1.3412064704298543
0.5345033616380378
0.9459217943648915
0.7692971677114755
0.5757544696689803
0.8866708097864922
1.8615448693568357
0.6134799718098953
1.8594214173254886
0.5407243268851569
1.1588602281351168
0.60485951434419
1.0229051152499438
0.9968011595408636
0.8338124344044787
0.5707069938808529
0.9558252939510975
0.6347132838279701
1.10331082316758
1.1225640157362375
0.8629891419979759
0.828509025436418
0.6384663441367595
0.7508813979796776
0.6479781747286166
0.760627300153148
0.705801615638639
0.6702343237998257
0.7102573852729721
0.9698132667976629
0.36916563947522457
0.8360046925806074
0.6724498862810407
1.0352509500253884
0.6179274659666363
0.5534742255029177
0.6085176820739974
0.8939352654865516
0.7767018969486622
0.47677613230594695
1.1296208673437034
0.7293226852320626
0.6527954894212448
1.3906590810985375
0.583713584106263
0.6315478996921929
0.5411618366599198
0.9365134697724969
1.7048979709776522
0.772393854696242
0.8637031850088391
0.4845740645405123
0.8294544966312144
1.0774976469746742
0.525016517389037
1.044625061803501
0.4931409759805029
0.45311189456466516
0.7208422377859341
0.9894583741380589
0.8213634121170986
0.987209861889344
0.7209451460215855
2.6549154319485724
1.0919925389002616
0.8977003997241145
1.4598879727883605
0.3325855606026392
0.6535910793581806
0.7370142830298904
0.8380833488475983
1.059524505686826
0.5709096151197636
0.6777913028202197
0.6962890489269044
0.6345814112554513
0.8039049961147566
0.8051502716081618
0.8719438340035467
0.6387710474257593
0.569069178798728
1.1000005298394513
0.8807902652768209
0.7699741326134748
1.0136257960227673
1.83308862687409
0.678301315610836
0.5367489336515567
0.8524675150623404
0.6895250240467042
0.7854376108302833
1.5109427591442044
0.8914114517874612
1.1915819706085442
0.7328119532096758
0.5286937004799583
0.659632837251364
0.9229182276664725
0.5380364962173104
0.6365849016238533
0.9080541301498228
0.7108646640630193
0.9242113466605756
1.3513862961010905
0.49122351769235933
1.3027049532740869
0.4362534389947382
0.5166504775839903
0.4908484054454724
0.4981179690945495
0.5752600296374598
0.8576828248715722
0.8401395785659127
0.6465291571670911
0.6165695683735825
1.348564224338452
0.5600545407032355
0.7718888280399626
0.8207808651067753
0.5179568724493473
3.0862265762498065
1.1125153423055183
1.4936875240081753
1.8731397771814204
1.38311606420837
0.7600255562068182
0.7041731903018924
2.4887131122991835
0.724220397315951
0.6082377814211866
0.8652839293369605
0.9361906787573856
0.5227508867098672
0.7251398849694456
0.5717016831866387
1.3254759474063544
0.794111974215537
0.45431856020830064
0.49014388173247475
1.0271546073911646
0.7186995709282018
0.7871535865258099
1.0066029553147564
0.4015297892203637
0.9276001389583589
1.985226661920637
0.3677858100029341
1.3322141354169854
1.0032306205849513
1.1841835949311723
0.9462374215344441
0.7332967810583322
1.252806812089396
0.6753566697820944
0.5585530397745234
0.38606567148599064
1.3257189413049402
0.8705528280214228
0.8221819186578079
1.8015319320813488
0.8599636993946889
0.485079779128081
2.4472428706578477
0.32299045068726073
1.3366511683264806
0.4131143798836509
0.7215739048770347
0.34588238797145965
0.879625400953028
0.5750808618146872
0.5947243937703686
0.4172302216091261
0.5204916466902761
0.9102298725593361
1.0051369572162017
0.8798896676532615
0.6465011333535858
1.3857425952447968
1.0241184195327446
0.721811478508852
0.41659748265801
0.7350457438400773
0.6512803334103482
0.8173117360830788
0.5889760636571704
0.7333671704165455
0.9994225847433015
0.9387684109992236
1.3984040845638097
0.7438708848423304
1.7082594265237727
0.731685005542911
0.5249343426491505
0.504283116978583
0.6447954109949645
0.46874547963277574
1.4506966785703141
0.6488353899967116
0.7683786519361692
1.8530105565372579
0.6755479931205608
0.44252063695295907
0.7689147839342317
1.4189939655136774
1.2633553978987857
0.6705753929100476
1.1128272738084015
0.4224536935609813
1.4065935536403782
0.7865092937589039
1.300552449313006
0.7256715523600531
0.6443937174388464
0.5760873097712335
0.48681769383127255
1.0306955726434364
0.7938158990981299
0.42971940956709354
1.350819234015979
1.06173094212849
0.520168520856401
1.4594620360409607
0.6921327164449138
1.2104530759170364
1.1127911797496577
0.8345074509527187
0.6231797849524265
1.8327859463976446
0.9172174098080377
0.6165680211972767
0.7467795934223037
1.240395780544653
0.6505198076867237
0.7878304722475742
0.9212223389240431
0.5686324275689446
0.31978009013670866
1.268672932212319
0.862409669278448
0.9042532393691414
0.7882398197913155
0.706310282214024
0.5671167278131856
0.7657468632958397
0.6153101083555373
2.04867105887157
0.8720566007458909
1.1338710433121197
0.5494691716033382
0.6101435505372385
0.5856953848708372
0.989849732188827
1.1775157727138181
0.45986045018303134
0.2777508334475513
2.1780148110135187
1.232737806679306
0.5097829125129402
1.448223674830429
0.4573694136226833
0.7196721237815824
1.0594295569879222
1.2045233380035045
0.7032784776299688
0.8158349784829948
0.8085798523704067
0.722582954831878
1.5055402505294408
1.5192887406084374
0.995757906300536
0.3979166053494789
0.7719583519712461
1.0836679167940748
0.6347331023376156
0.5412439126911419
0.48162274119517434
0.7800969697204462
0.5274193309242368
1.0089136341110803
0.6427855792206036
1.0012033728088507
0.7461581190452902
0.3371976862822041
1.6152044998226733
0.7699375223266431
0.5053997137218609
0.7351005822400488
0.6977810085930429
0.7416688605029043
0.6719671172070089
0.8095693011129694
0.6337909657164384
0.7194573356646822
1.2969070375545964
1.0075822732593127
1.1578169648211918
0.7173961651155923
1.0839877760524346
0.46581266710600466
1.0215865456015873
0.8758303858173294
1.5865592688767267
0.28043707530603745
0.7113938941170771
0.7050945928137139
0.5493681858305954
1.9808158333380956
0.8542981626117306
1.2970587695536397
0.7695999267813929
1.0439904789821788
0.9921679338447486
0.6529755408325595
0.7230449390285502
2.428765440383871
1.248969884603205
1.0199727541961914
1.0937744589506706
0.8933248532917152
1.1789674523658586
0.8521756880188504
1.5924577390260781
0.9497494646691306
0.8128643580207426
1.0752966552122498
1.2639898988511118
0.674781158294695
1.2276693933513896
0.5158212723374718
0.7758181326639808
1.450758234039257
0.6464837605885823
0.9701135762130172
0.395672041141135
0.9762566315656102
0.392587733804039
0.6388203695855528
1.073712442100255
1.2832151098645073
0.7679274996985002
1.2000531999316209
1.5349879447948875
0.5409916204069056
0.6023602506759033
1.6770764703766203
0.5479517786837483
0.7446901866491494
0.6673696230540379
0.8393931726361664
1.2631842665389268
0.43586402141018166
0.7287162397095528
0.7702113373099819
2.0445313236692697
0.3930662990044527
0.5196276972271656
1.329403381811135
0.7255832227044694
0.6549992986588626
0.526392252059452
1.033105193797576
0.5732782586337796
0.7240481058668208
0.7837466373481564
0.7943995892143397
0.5751013323224677
0.6058534195714255
0.8948253027608684
0.7423120616081085
2.1141818725059545
1.284774576725639
1.1814334932835964
0.6268531636908927
0.715914837951755
0.42063732981309476
2.8267469223143102
0.44253482054989307
0.4797535983658182
1.0944818078200962
0.7817830449594146
0.6359530327517257
0.5503926103162403
0.5526545121806565
0.30180572211721424
0.8470544378816328
0.7998220798308082
0.7244460153812837
0.7107235873794431
0.7246750287017597
0.6710615169014635
0.4603063497438347
0.758893917672095
0.6268595469799744
0.7037109278334119
0.7025324415784923
1.617505372741089
1.3112275002774658
0.7268656820104463
0.4868208638938963
0.4203960610088095
0.703041785414567
1.228828978016975
1.1456910615649905
0.46502999173596044
1.6719737871427363
0.9236509313526411
0.9653472867811432
1.422787545296468
0.5507690275286407
0.6678630128646416
0.8453614925799835
0.5551302250357418
0.8520173885370007
1.0886808853737577
0.659262081495833
1.695191815411912
0.8141412470637083
1.0849684208173471
1.4575646652117038
0.8937813492512281
0.6474318310838308
0.39645949757431564
0.8326908183556915
0.9695763825126492
0.9278093351593923
0.5378466558661081
1.3630574902317738
1.0444615283769059
0.8883224026957538
2.329701335098404
0.9653118911060211
0.746220111571769
0.3985691775390355
0.5068040096736188
0.9211550604284341
0.7713422939635924
0.693074804686873
0.5908582139894308
1.144377897945067
0.5128520746010792
1.0591571126486958
1.2217820316854795
0.6745783149246481
0.6224370832378194
1.1231674238244687
1.3652919885722035
0.8923604793878924
0.6394487481383428
0.9258005226328788
0.8433341605758308
0.5074860433520537
0.9495912487418776
0.7287704014075471
0.9780766835638454
0.7907510313355783
0.9404446510112708
0.5804924411064307
0.8983808645337302
0.5995020456262948
1.056447079987501
0.5724815828295585
1.339285024625164
0.5829521554622912
0.6478455766653299
0.7768819789890227
1.5988596542590734
1.7679579093365416
1.1761452977241318
1.1450297183900475
0.9664421579773484
0.6257801390597884
1.6646586638652279
0.5177574595441583
0.7083255261559256
1.191698879933885
0.4518912730554998
1.1175162876652731
0.6885960764719951
0.41340681406525626
0.9746718186426263
0.9227132785331736
1.1236343014097736
2.2562436497048677
0.480106513660651
1.319233736088705
0.6059738923744753
1.2525326504111054
0.5421113231854624
0.5652706043847436
0.615471944528017
0.48586090928271874
1.2942477491222997
1.7723767635168362
0.8974842823619165
0.48252448760460637
0.6669830922603696
1.8230472798870343
0.8588291968584556
0.5750194297692836
1.6828485678087413
0.7514237710984837
2.3476196937931864
0.7736014888784433
0.8453291061868385
0.43569497223911646
0.5378896950717975
0.8528952230167884
0.7044321193239574
0.9365780701826744
0.6745088214215622
0.6347983186537416
1.1327886723188092
1.0615708717343282
1.214797440688687
0.5741320870267705
0.7906854948042379
0.6584792774616814
0.731008412751296
0.9923988300869238
1.0130679904532274
0.6064294245676899
0.8662056490448019
0.6242879086012948
0.6830217686401655
1.6660734368083845
0.5504028354254314
0.7074776475759813
1.3862197233418194
1.0409994562861717
1.4376559953498391
1.453601246940481
0.654089615351585
0.47406977083486024
0.3365969147529242
0.6430558717476782
0.6807047337072666
1.3434347515834821
0.9235651838285669
1.2667090414162554
0.7660030645624538
0.7338488370429158
0.6072736805318628
0.664176588637875
1.3593332577785582
1.405292237739715
0.7284139556215861
0.5075724098007024
0.7821792833208379
0.9457086724109945
0.5693996407774305
0.5493793021240229
0.7138188704796645
0.9395800268224128
0.5967548001936063
0.8085153657451619
1.3814071222766455
0.4874406957771406
0.4824407895211133
1.1459165485500964
0.8334337446210826
0.8742696624871509
1.5881266415021045
0.8191001807054059
0.9401119937641088
0.6519629578108865
0.41244844336281905
0.9086254696784106
0.9447301328034527
0.7704317541494947
1.3364794938372708
1.1379854464181882
0.6296340604514968
3.6674665493329925
1.239789963060684
1.5415332668561492
0.6131621024563431
0.7299655547148789
0.6115519084845942
0.5482144049019106
2.601171757529951
0.8323073763429844
0.6263501459010763
0.849894347289633
1.2753787525279565
1.0116309785593103
0.5900026582752453
0.7738473999805078
0.9862901573018534
0.5090586937567546
0.5755831656880103
1.3782819664134318
1.4795061313197146
0.7699824632082308
0.6572910662483581
0.9478864847747349
0.4887713735080452
0.8582094416586309
0.47586031313354354
0.833538385966667
0.41984009486122104
1.6513245353642234
0.8314899655238472
1.0180162650408744
0.4091099411265333
0.6798383353051148
0.6332416166010183
2.2783202603374764
0.7419217877628239
1.225373460435698
0.8252538603049262
0.9265066882760135
0.8773773693804049
0.9812527432028719
0.5595583766474062
0.6476801234524714
0.6523538067581302
0.6390064672958327
0.6663174750805441
0.9501516750027558
0.8265596073195041
0.5954349058419446
0.6443569263487323
1.567830127275691
0.43663146397783936
1.009748335623304
1.1365854568189142
0.5701183991212758
0.48772264079958005
1.3149213618149418
0.9839388217550072
0.832012940297039
0.6254666250155247
0.6953411022586117
1.616644714410806
0.582425656044754
0.7691565416542085
1.0491147344580396
1.9995454409533322
0.8516669256688522
1.1352386651532227
0.6052016325221559
0.9412516403542524
0.6621058458751267
1.384073774227287
0.6376097535881464
0.6364949353675574
1.2059158163268906
0.5963186636561951
0.3380871120692937
1.2236522937165057
0.43016514483345036
0.709013372859623
1.0439312679486357
1.1239893962322387
0.8148214196706834
0.6143506700112085
1.0872231182492202
0.5460617046612439
0.8336072976548986
0.7018569083017705
2.0224160791839716
1.405025925091858
0.7191142625205984
0.49995485557287167
0.7233131047211757
0.5864813603079796
0.6356135577198396
1.2638618482735504
0.8434743998634603
0.5254850199266644
2.1428317792148754
0.793797882915648
0.5673674735860409
0.817017439408749
1.0366130020549027
0.9692396620129422
0.6795798693236834
0.8182845954179168
2.620234639743879
0.9966614479360203
0.6080229610657522
1.4576904860699895
0.6319406421522006
0.5176680878453558
0.45673002687635744
0.8516671729595298
0.9613319666541983
0.8989195280743362
1.060290198298819
0.7390209669763725
0.9502905404662328
0.48859939914281336
1.2868155604565072
1.1361642893576303
0.6732656960010631
0.769888447994086
0.7783840403769529
0.8477891557749391
