y
0.6927892333174194
0.6766599087909669
0.6910533423298195
0.600042453468492
0.6078403455811998
0.6324948818774683
0.6960911882996986
0.7148149386028003
0.6578305723060671
0.6305767073144055
0.7257998776142118
0.6968218865682838
0.7395117770021961
0.7126728357842119
0.6497296057725201
0.6569857133785445
0.7083543147634512
0.6499506086769761
0.6283743556480494
0.6255769093544921
0.7161981642458689
0.6986022925318817
0.654011663713558
0.6944625326849398
0.661070899506228
0.6549956941270023
0.7005562446677466
0.5849894568764602
0.7142208052872877
0.701230919871372
0.6625639191828755
0.6746643250965287
0.6482278009303416
0.66214331343187
0.6341108344895607
0.6654890153483372
0.5386157125326485
0.5932207085019999
0.7234751670543598
0.7231166535778891
0.6419322769073093
0.6216021795209227
0.7018512953359961
0.7031481595601189
0.6545166099099221
0.7083210286388062
0.6592465888579657
0.6256763957177146
0.6597819691663279
0.6395797690404887
0.6815852077428065
0.6343906088188794
0.7009734842179387
0.6649468489123148
0.6689721909113301
0.602186604548662
0.6967598957931911
0.6919510488568186
0.5730258202364037
0.6304494514935847
0.5477155695847158
0.635775298425424
0.7275439326064808
0.7007396042896992
0.6318689571507381
0.6504073863327342
0.6455321225284021
0.6603502424840108
0.6819822331783064
0.5868999396820181
0.6640028079064879
0.6641502125794727
0.6389982548409364
0.7123603582928261
0.7287353641366462
0.6749066662236414
0.6512271637218282
0.6552427150577271
0.7265271221603197
0.6546599525829927
0.717132269542058
0.613336727471411
0.5497361665415961
0.628416617225168
0.6412361492174218
0.7173454512375672
0.6982543985334103
0.6310865325136364
0.594805684797535
0.6592286387659456
0.6478875285217356
0.6539722424758211
0.7317527196111037
0.6719373528652071
0.6326197150528906
0.6575610388494111
0.6704323936133988
0.6191190952383954
0.6324505066814681
0.7108932187637884
0.7166612112066518
0.7238840875100635
0.6048327636135887
0.6777220268724378
0.711484938466226
0.6121125321315167
0.651535699972923
0.6903890386608477
0.6402394252889717
0.7063420906014262
0.6191491544622664
0.610911173577642
0.7110314461640977
0.7277319686745357
0.5522291214330701
0.622180638598387
0.6558636912703432
0.6799577265617323
0.6624260007406007
0.5910081490374527
0.7030802465500092
0.6416875012509025
0.6794297727154467
0.6622520959723933
0.7016914848785752
0.6365996167188156
0.6182216376453302
0.5563149165205623
0.5552911661811787
0.6106862265836249
0.669772698866913
0.6509581548031204
0.6307192991443156
0.6910529932583662
0.6841611404271051
0.7079892585699338
0.6975799389835741
0.65542263855545
0.6800810444615917
0.6383705182541268
0.6917909069556384
0.6457997554128497
0.67063867399694
0.681366690876363
0.6305455160981054
0.601330066292833
0.6326624954397461
0.6717323373180528
0.6638088580553766
0.6967875453565875
0.6856855837760255
0.6435571596256809
0.608750874345287
0.7047035354328646
0.681440054883915
0.5822837555399514
0.6838000557332184
0.676181806689201
0.6405527379992392
0.6810678057638708
0.6791526149432694
0.6631752434062533
0.737933625236255
0.6499014078433956
0.559914855985235
0.7048902604498558
0.6721690185455556
0.6116359465946342
0.646187459566409
0.6311467442270909
0.7370333093086704
0.6678235385574933
0.6580804307464544
0.6563647751552916
0.6438056845064658
0.6221105449336157
0.6313820047615077
0.6332020155159815
0.6521156919433206
0.7413006647890577
0.5949805414359509
0.5134931584726108
0.6562490422390062
0.7283772316377424
0.6167686904152186
0.6201368440632318
0.6825385677753919
0.7118723489713805
0.69661420051634
0.6349734317917165
0.5972270320345392
0.6082406413738843
0.7068925297411536
0.6457682955851201
0.6789567377430535
0.6628311294293954
0.608449761833217
0.6566291609330446
0.7676340857979196
0.7118538762842742
0.6585776575990449
0.647060629694166
0.6643931270634144
0.6713291455821802
0.6742863189718403
0.5476272141289992
0.6143622633301179
0.7431225354272257
0.6946574236838835
0.73451251802759
0.6751207669677729
0.6386664642748218
0.7430762636453959
0.6520836502975169
0.5619061037702013
0.6210244215882615
0.6583418042701766
0.6323593463754412
0.6500281055227543
0.6049063438031189
0.6165406365947123
0.6533610004602154
0.7420682019874639
0.6326119720960013
0.652982744451276
0.7173342075110147
0.6195655968657793
0.6855944306372787
0.732416420694087
0.6666903431129718
0.7015500070731825
0.7465253623643053
0.703155253190305
0.6954118355495146
0.7110544621547595
0.6309891108128527
0.6884579498529811
0.6171443234019263
0.6941681876105018
0.6026979654883446
0.6174391239025322
0.5526388564908196
0.6808726957366585
0.7010395655821684
0.7002350715741396
0.684104673147155
0.7552951143887913
0.5951449427875534
0.670061086964691
0.7279694151408186
0.6401059829717728
0.5824162921085209
0.6127725899237084
0.6090701101242495
0.6756778203272591
0.7442857641910036
0.6069634426070167
0.5582597599016422
0.6646364499081713
0.7151870539791524
0.660216175647246
0.6528621540318621
0.5838625068601473
0.5955089277278659
0.701907479739913
0.7098344597448416
0.6454362135234254
0.5993516636336016
0.6475930478567572
0.6167606710848555
0.7296201450141128
0.684566119575083
0.7282139687884446
0.7147586759353108
0.7025712270894356
0.6772985047156261
0.6973273485816519
0.6092236010121002
0.7001805013285991
0.7360160006393954
0.6769869622063421
0.6824435857964596
0.6062630974961889
0.6373090151991884
0.6425967464633087
0.6461938744169028
0.6301337752991145
0.7259257738596613
0.6631968793931298
0.7085473432232914
0.6701357717828609
0.6122578816533586
0.6172960945543875
0.6744030258533488
0.6234087922111993
0.5250207494086667
0.7078380400696087
0.6387224475553275
0.572871719820585
0.6675525586552367
0.7111437959250645
0.6747410967536569
0.6825014157349201
0.6449493163200088
0.6355804477118382
0.6092890451082297
0.5752860133945067
0.6570177689737405
0.6238428855948676
0.5543389916854582
0.6157941294935418
0.6269153031538734
0.5725787649860307
0.6784151600526395
0.69688940089389
0.7181164673448058
0.6214831166731631
0.6222714978002261
0.6535886875455647
0.6085911934173078
0.6091462265716057
0.7166738083533362
0.6615978158617655
0.6401571481229446
0.692649381320802
0.712968485610385
0.7128804497109392
0.6259348135726442
0.6836474598920274
0.6457838057484868
0.6921447089851156
0.49880407384700587
0.6039910767282601
0.6441207551378518
0.6163261254204868
0.5880893950710792
0.672631453841074
0.66093134906883
0.6473631661580633
0.6227159877377972
0.624887253920139
0.6317738629630255
0.690452293631674
0.5855616744605995
0.6548014706852944
0.707474284116864
0.5707271663413311
0.6157705087790359
0.5772772558876866
0.7098153040850045
0.6832143155530859
0.6772224669754691
0.6253339633838425
0.5888049682892028
0.589437724189161
0.6752906294906377
0.5575807376802694
0.7158982022785213
0.5937773944344971
0.7176058783775574
0.7191508803011776
0.7289242658704161
0.6431790529088904
0.6980157595736199
0.7159596210106065
0.7215960869763016
0.6603148848465853
0.6382251193254008
0.6506114085751058
0.6340806429045645
0.6071850130948268
0.6935690526476241
0.7146460863465713
0.5475358185910858
0.7021979510428692
0.6958881580790016
0.6893651684362201
0.6507876883567542
0.6337497571579526
0.6632558207897783
0.5804388641496
0.6634269189658406
0.63534052362357
0.6158622780952376
0.6331413830304905
0.6411980418028637
0.691950032807756
0.6646664216943112
0.6939859249227229
0.6411867573311661
0.7085214980228974
0.5783639403451521
0.6415013498176364
0.7138070237595412
0.6596171832775282
0.7000649398174276
0.7578547148365883
0.6852791662400184
0.6320150258043475
0.7177267036012075
0.5893510173593949
0.6455721597659058
0.643037594577365
0.6524533620014115
0.6230738926819016
0.733719883950761
0.6072004586912467
0.6975615464237244
0.5753193026614151
0.7254669545495461
0.6480475520147209
0.6587404069253727
0.6736782810573917
0.7214567931189751
0.6225755883707067
0.6092146422983755
0.6781384247855257
0.7072865706308206
0.6049306792685244
0.6264900375913163
0.622035025762508
0.5598143213011225
0.6480009025304526
0.6581096408929565
0.6959376029731121
0.6441076655922564
0.6714094515133826
0.6470554708751274
0.70947383644314
0.6447979370469507
0.6042338414056947
0.6448975644645546
0.6961237842640781
0.6382859052709365
0.5638070651016416
0.6667488649672109
0.563124396931318
0.6707638103104541
0.7375527083841329
0.6752686875047311
0.6437028963555661
0.6137983771396861
0.7009196906366175
0.6474181602710852
0.6594590781389206
0.6408747155242428
0.6898427364916502
0.6551727141227573
0.57969240435393
0.671492843015747
0.7114120578966467
0.6856561912471937
0.7269565627885856
0.6634591380218705
0.6150509365587984
0.6423925628905791
0.7149196314319977
0.6640289039968523
0.7123778998657139
0.6803683046595524
0.6000925016848102
0.681565322102649
0.5657658383622729
0.581802959210073
0.6296432554407655
0.5960233898159595
0.6808614625073811
0.6865315169602034
0.625565173733851
0.6940563173779416
0.6602239120728052
0.6066536314915298
0.6344814451217347
0.5915705981271263
0.6985820972181429
0.6874073041808977
0.5999318093952732
0.6363651673880503
0.6619964976179148
0.6858914977205681
0.6594399155035754
0.6583549530654383
0.601093476594924
0.6784523848923146
0.664241968490035
0.5797048794217459
0.6706840498851571
0.6645949233200853
0.7164942041052732
0.6676308192282165
0.6682702690219505
0.7276667777263099
0.6150751986278532
0.5763164448720869
0.7110235021722713
0.6072458905091797
0.6993875463858658
0.6448877555265891
0.6415106058106451
0.6850134487646526
0.7567283217535085
0.570458734843383
0.7112885757037642
0.7107679945486657
0.5419248725523875
0.6983653216983188
0.6883129323532491
0.7312866170200134
0.7180037900167232
0.7015664618951024
0.6512629691209572
0.6492222040319381
0.6554685105199296
0.636767823582973
0.7535528979639114
0.7244172811376346
0.6140185535256005
0.6390931599183614
0.7038826258143708
0.6783650442456208
0.6758540657570797
0.740676696633287
0.5963439784206613
0.6612773994554371
0.6194003596517362
0.7295710040252151
0.697199303657247
0.7098503202925261
0.6345112512858598
0.7490790616668679
0.6755331119856515
0.6666956276974702
0.692522714048321
0.6972437229158304
0.6114759652228254
0.6355479255335923
0.5967351151212853
0.6005417241055528
0.5950473582845804
0.7064429887080779
0.7239507768762554
0.6282161544692354
0.5609454386358245
0.6289964666866479
0.6063700287806546
0.5944176195406977
0.6187899045432206
0.6968161899580558
0.6105495659977573
0.7071194729761822
0.6443715446098411
0.6292922791484415
0.6255917508842676
0.7078785876914812
0.6963622535966839
0.6585450060794361
0.5895442860444127
0.6966856133012573
0.7066117726735751
0.6260427147799418
0.6974313972861397
0.7392786712157835
0.7013640151756736
0.5651954736298195
0.6801479461553445
0.6076337900321285
0.6733299056937725
0.6444146235635947
0.6070772542901597
0.6725591729646928
0.6901825221758118
0.5685995314291744
0.5481844846531263
0.6999693733718617
0.6750507535286265
0.6825588859242516
0.6777615355788548
0.6622209664410204
0.6408573402372205
0.6736510420586524
0.6914956048095364
0.5925656974161394
0.5674410167706702
0.6305608260369286
0.6850189916144452
0.6722043986496626
0.6931542082918215
0.6299997719670993
0.6823323023023531
0.6612298552794234
0.659298856362874
0.6892670145963615
0.6311329906929851
0.627153850858767
0.6305948707254644
0.6984225667474417
0.6431044413768304
0.6338121798096068
0.6460385101650437
0.5707702255663323
0.6398902744906065
0.5987468363647301
0.6978457533304152
0.6528142429911105
0.5229665669587059
0.6851827766780663
0.707972624213952
0.6016127193651422
0.6583474139186958
0.6319395067833484
0.7119452036060535
0.6297523030823712
0.7225247089852336
0.5680153879852909
0.6915605085597609
0.6637167987580163
0.6027605971912811
0.6840963144144447
0.720567871087001
0.5826994046011138
0.7560648084224065
0.6925870557314592
0.7037624850755251
0.6967322568259988
0.7207545053958896
0.5824076604482877
0.6687173535813798
0.7025204378353155
0.6748909260153625
0.6082277220739905
0.7092607538928596
0.6549784585573785
0.6457639158837548
0.6541047776249183
0.5760701692538972
0.6910055227669128
0.6477134440992802
0.6801746542681508
0.6397660501429223
0.6565776884204525
0.6505430051175024
0.6112539351801549
0.6631356817087363
0.6626471105654566
0.5918955632204953
0.6081262180950723
0.7127589528415328
0.6902420256004528
0.5989305427378404
0.6806864370835595
0.7154468988505385
0.6423245213127928
0.6883861938664572
0.6594569545082902
0.5689429744871471
0.6874181216061357
0.5569332875847712
0.6030238990433542
0.6621301947367965
0.5989521613619532
0.6651700012590788
0.6667766883174833
0.6278295032233199
0.6372467461794404
0.6475448651813417
0.7233390479191336
0.5896537910864674
0.6884438206325676
0.6193054823353467
0.7308492037984489
0.7345697213567082
0.587940915244609
0.7149894221474212
0.6630760677131885
0.6294793390419225
0.6338753627794239
0.5775688248367541
0.6541071943953674
0.5271275842382633
0.5352749890242516
0.6713222048225772
0.6500994572996007
0.7123417895583516
0.6632557858947459
0.5495866712312226
0.5948244479775319
0.5918534250179458
0.7063488244651959
0.6437705196675124
0.6386603797125201
0.6332995439374822
0.5919894817129399
0.6948541844927357
0.5869824924961389
0.718348934676373
0.7045308752388126
0.629567470645047
0.6928382050539795
0.6330514373832273
0.5933367405374884
0.6087267045975984
0.6340064591543066
0.7055758598463402
0.6382758956308817
0.6891342499176372
0.6509730278401161
0.7222084843105891
0.6741641118924601
0.6604731687074307
0.6491286152703377
0.6181202915923505
0.6504331792952042
0.6728741118485387
0.65573903133616
0.6613699989891225
0.6856240072722533
0.6259375262710543
0.6628473462954676
0.6436305428810947
0.6426199218286424
0.6765608948036187
0.7425867435390519
0.632788615050009
0.666186465784005
0.6059034951835531
0.6192717019254237
0.6625627667932812
0.7123398467941344
0.540055910260525
0.6776568055018437
0.7386960060449528
0.7024184634813342
0.6833380142054218
0.5740439617506453
0.5956696690221094
0.61958415971624
0.679083411945677
0.6185762727610197
0.6114250995009138
0.5626782618293751
0.6456325242684638
0.6298867980212486
0.6780082083560476
0.6983695349610737
0.6151636022393714
0.6361373439572875
0.6329761592423329
0.7146029515962485
0.7186791732053222
0.6717281854831936
0.7271376801884918
0.6238598652300563
0.6344643543112743
0.7098636949868921
0.6169150129584563
0.6861166884773197
0.5627291506029879
0.6585900267449739
0.6136070529682603
0.6300538940580792
0.6557825464909548
0.6654357456396024
0.666928674163953
0.6423919687930226
0.6279269715380389
0.670411914096781
0.6488531275646252
0.6934926996835108
0.6053387895428568
0.7052491044276711
0.6857490779124004
0.6201201842762181
0.7336944457319993
0.6115175981858694
0.6618519317764285
0.6744207114372355
0.5928635609669706
0.6374421304963581
0.6881131403554607
0.6112884885503762
0.5815516300307733
0.6767901523580874
0.5848594164825199
0.6680678105398732
0.7288229363745927
0.5811365986229071
0.6613063510890156
0.5603113308742792
0.7337013227833343
0.7232303857415662
0.563952620377766
0.6686410177603422
0.6473719630624108
0.7043355389014706
0.6768574254436445
0.6459127817106055
0.6604263766934951
0.6309423097683634
0.726604194551444
0.7239328604353826
0.6295495501497366
0.6692846336392242
0.6873614312384232
0.7244167892886623
0.6372896631347577
0.5551112299405643
0.5487978091082149
0.6866228801305967
0.7202874742906034
0.6816243914795193
0.686984233910304
0.6715778909967989
0.6746998793268618
0.7120153233366243
0.7013615947044075
0.6651180952771858
0.5655828627573948
0.583811209971933
0.6462329873764868
0.5995497282672828
0.6497763308983238
0.6883511353634139
0.5650079789790506
0.6920717498625751
0.6551201559367588
0.6272201310599745
0.693860225220306
0.7091899537683944
0.6168614678733683
0.7205137818336944
0.7546575898996905
0.59597349136268
0.6939455380188618
0.7004687175072456
0.645084190836588
0.6254917523663256
0.6265722899506166
0.7846287789613554
0.6638183935255005
0.6170161479429525
0.618245645403231
0.5925242467370506
0.6258569378769494
0.670540867941755
0.6156549875801878
0.6809526928589098
0.6243099512063306
0.6638892506549983
0.6746421819115009
0.6645810896802713
0.5886928348265602
0.6720748818849736
0.6688523076974795
0.6077455990203815
0.6469096329211746
0.6823889238477641
0.7068837525339434
0.6913298725970385
0.6428247394630229
0.6636558239954263
0.6662800787886527
0.5921643764612418
0.5470273056184556
0.6917429306650072
0.6990401983825398
0.6938204237943708
0.6832181997797716
0.6765562652770974
0.54146447437581
0.6245224398958656
0.7194140773848925
0.6843935104024271
0.520483395006431
0.7136695055526039
0.6919990528303438
0.6829007371057687
0.6359858059043235
0.657174948751813
0.6672929991031337
0.5547203924581422
0.6752949002179299
0.6598719187284763
0.630802264121321
0.7241700030702353
0.6128146772089341
0.6031953860677346
0.7227351978564844
0.6220402849837049
0.6873312158670299
0.7070757244801601
0.6522776791169513
0.5773226958119172
0.6784293774891766
0.6379039888364608
0.6195670454238689
0.6558815026471077
0.6627661883932545
0.6294976637587492
0.5805114328676717
0.568710592634657
0.5760760263307115
0.6523085674370106
0.6781779748520393
0.6466428293500731
0.6353161615408144
0.5754568658858653
0.6200361572501074
0.6803355417510243
0.730546711974545
0.6899765142585413
0.7028086446031997
0.6094354418302662
0.6743762838305477
0.7375078937132725
0.6299837861016512
0.6731128046287487
0.6339369988684541
0.6802058340973118
0.6986655991383245
0.6347248058079575
0.625898522080528
0.6730101450076839
0.6436108062075179
0.6804655029208401
0.6174817809690385
0.5916447945577816
0.6849892007260702
0.5566507866516522
0.6925651088227782
0.6332733840451297
0.5374437340427314
0.6336286547874384
0.6286613678130332
0.5955503542584635
0.6824077768119097
0.592661791701085
0.7171897577768488
0.6826393637130265
0.6714359512513701
0.6252098565002124
0.6513809053730905
0.692368578668544
0.7065612650066591
0.6541473922290628
0.6544210219198477
0.6732428926100541
0.6265210885169893
0.594764936259606
0.7221400889411106
0.6234470478539654
0.6308420641545968
0.6811222209967792
0.6426213994753166
0.7099839728082831
0.6790117350056688
0.6351655735656198
0.5670164470738733
0.7107198328429288
0.6991575381316764
0.7109302177884855
0.6191289654072339
0.5557483322218573
0.6989094406278354
0.6936495452419282
0.6684013478062044
0.6144166367063724
0.6536614042457729
0.6508795417121683
0.6471127222931283
0.6290441539482032
0.7232244404324218
0.6566492839200916
0.634913951044903
0.7128548214114317
0.6809521631173143
0.6489753941567878
0.7137247144321305
0.6786428075061486
0.6291800765530462
0.6047133505765364
0.6971209175137257
0.6407675069241261
0.5991209738165071
0.6710213435911494
0.5906625376858243
0.6813973933197925
0.6911125640474902
0.6842422896385848
0.632897961578658
0.6757389734648948
0.6192831903055329
0.7472874713804777
0.6599866574935782
0.6055010295307813
0.7216831424682265
0.6781263540489445
0.607701240233844
0.601756563654567
0.6212131079897963
0.6037451895283875
